#time	ekin		epot		etot		chain_length	temp
0	11.740600	0.000218	11.740818	2.200023	7.568773
0.0001	8.389068	3.411218	11.800287	2.230675	5.408153
0.0002	2.584337	9.198736	11.783073	2.255521	1.666036
0.0003	1.765687	9.947497	11.713184	2.270452	1.138280
0.0004	6.682106	5.001091	11.683197	2.274128	4.307731
0.0005	10.600360	1.130184	11.730544	2.268236	6.833699
0.0006	8.401510	3.387883	11.789394	2.256812	5.416174
0.0007	3.299572	8.481188	11.780760	2.244882	2.127124
0.0008	2.295940	9.422226	11.718166	2.236881	1.480116
0.0009	6.688464	4.998899	11.687363	2.235366	4.311830
0.001	10.437312	1.292465	11.729777	2.240427	6.728587
0.0011	8.417328	3.370331	11.787659	2.249943	5.426371
0.0012	3.298820	8.484497	11.783317	2.260546	2.126640
0.0013	1.855353	9.868154	11.723507	2.268922	1.196084
0.0014	5.863680	5.824822	11.688502	2.272979	3.780119
0.0015	9.884565	1.838742	11.723307	2.272485	6.372250
0.0016	8.691309	3.087785	11.779094	2.268976	5.602997
0.0017	4.152780	7.628733	11.781512	2.265021	2.677159
0.0018	2.424027	9.306529	11.730557	2.263132	1.562690
0.0019	5.563681	6.133498	11.697179	2.264747	3.586720
0.002	9.011963	2.713112	11.725075	2.269657	5.809712
0.0021	8.053838	3.719431	11.773269	2.276067	5.192041
0.0022	4.197787	7.577280	11.775067	2.281262	2.706173
0.0023	2.871808	8.857611	11.729419	2.282618	1.851359
0.0024	5.894703	5.805148	11.699851	2.278590	3.800118
0.0025	9.122987	2.602995	11.725982	2.269324	5.881286
0.0026	8.253513	3.517409	11.770922	2.256663	5.320765
0.0027	4.614631	7.159440	11.774071	2.243568	2.974899
0.0028	3.136234	8.597399	11.733633	2.233144	2.021825
0.0029	5.586674	6.119272	11.705946	2.227626	3.601542
0.003	8.430906	3.295495	11.726401	2.227667	5.435124
0.0031	7.944987	3.818169	11.763156	2.232155	5.121868
0.0032	5.238209	6.526659	11.764868	2.238605	3.376899
0.0033	4.344140	7.388267	11.732407	2.243959	2.800522
0.0034	6.398544	5.316003	11.714547	2.245532	4.124928
0.0035	8.200397	3.536449	11.736845	2.241774	5.286522
0.0036	6.996417	4.769468	11.765885	2.232618	4.510357
0.0037	4.505048	7.253334	11.758382	2.219316	2.904254
0.0038	4.438323	7.285546	11.723869	2.203882	2.861239
0.0039	7.111089	4.600489	11.711577	2.188360	4.584282
0.004	8.873149	2.866952	11.740101	2.174190	5.720224
0.0041	7.248625	4.521401	11.770026	2.161900	4.672947
0.0042	4.487036	7.272382	11.759418	2.151184	2.892642
0.0043	4.426328	7.296964	11.723292	2.141317	2.853506
0.0044	7.085807	4.627080	11.712887	2.131700	4.567984
0.0045	8.583387	3.160392	11.743779	2.122314	5.533423
0.0046	6.616632	5.155768	11.772400	2.113881	4.265522
0.0047	3.840089	7.916958	11.757046	2.107668	2.475577
0.0048	4.248992	7.467522	11.716514	2.104993	2.739183
0.0049	7.721288	3.982594	11.703881	2.106629	4.977657
0.005	10.045018	1.692456	11.737474	2.112341	6.475688
0.0051	8.244836	3.531893	11.776729	2.120726	5.315171
0.0052	4.338405	7.436440	11.774844	2.129441	2.796825
0.0053	2.739776	8.995681	11.735457	2.135751	1.766242
0.0054	5.187445	6.514641	11.702087	2.137245	3.344173
0.0055	9.055013	2.655170	11.710183	2.132502	5.837465
0.0056	10.248194	1.501920	11.750114	2.121499	6.606669
0.0057	7.674831	4.103058	11.777889	2.105637	4.947708
0.0058	4.203254	7.563852	11.767106	2.087385	2.709698
0.0059	3.174060	8.560145	11.734205	2.069638	2.046210
0.006	5.123796	6.588857	11.712653	2.054988	3.303140
0.0061	7.814728	3.905455	11.720184	2.045104	5.037895
0.0062	8.690928	3.053959	11.744887	2.040375	5.602751
0.0063	7.421072	4.337653	11.758725	2.039865	4.784118
0.0064	5.936333	5.813205	11.749538	2.041583	3.826956
0.0065	5.928833	5.804437	11.733270	2.042964	3.822121
0.0066	6.952252	4.779058	11.731310	2.041451	4.481885
0.0067	7.366832	4.376364	11.743196	2.035029	4.749151
0.0068	6.731829	5.016796	11.748625	2.022589	4.339786
0.0069	6.445737	5.290689	11.736426	2.004079	4.155352
0.007	7.713674	4.007999	11.721673	1.980447	4.972748
0.0071	9.601046	2.125688	11.726734	1.953426	6.189474
0.0072	9.870029	1.881601	11.751630	1.925232	6.362879
0.0073	7.654115	4.117231	11.771346	1.898217	4.934353
0.0074	4.751609	7.011695	11.763305	1.874525	3.063204
0.0075	3.927776	7.805335	11.733111	1.855750	2.532107
0.0076	6.078284	5.630701	11.708986	1.842638	3.918467
0.0077	9.351419	2.361033	11.712452	1.834887	6.028548
0.0078	11.021826	0.716269	11.738096	1.831106	7.105404
0.0079	10.015634	1.746030	11.761664	1.828982	6.456745
0.008	7.587819	4.177122	11.764942	1.825661	4.891614
0.0081	5.820485	5.929804	11.750289	1.818288	3.752272
0.0082	5.768587	5.964881	11.733467	1.804617	3.718816
0.0083	6.929362	4.797981	11.727343	1.783538	4.467129
0.0084	8.092575	3.640066	11.732641	1.755379	5.217013
0.0085	8.483893	3.257307	11.741200	1.721894	5.469283
0.0086	8.203079	3.542098	11.745177	1.685899	5.288252
0.0087	7.848391	3.894524	11.742915	1.650664	5.059596
0.0088	7.880030	3.858296	11.738325	1.619184	5.079993
0.0089	8.277037	3.459203	11.736240	1.593532	5.335930
0.009	8.676769	3.061447	11.738216	1.574420	5.593624
0.0091	8.748218	2.994136	11.742353	1.561082	5.639684
0.0092	8.411731	3.334272	11.746004	1.551495	5.422763
0.0093	7.803352	3.944245	11.747597	1.542917	5.030561
0.0094	7.179174	4.566940	11.746114	1.532585	4.628174
0.0095	6.889092	4.851840	11.740932	1.518407	4.441168
0.0096	7.216917	4.517654	11.734571	1.499447	4.652506
0.0097	7.985193	3.748031	11.733224	1.476088	5.147788
0.0098	8.481264	3.258545	11.739808	1.449840	5.467588
0.0099	8.177887	3.569402	11.747289	1.422866	5.272011
0.01	7.562805	4.181823	11.744628	1.397359	4.875488
0.0101	7.770058	3.962338	11.732395	1.374959	5.009097
0.0102	9.053941	2.672270	11.726211	1.356341	5.836774
0.0103	10.095891	1.641850	11.737741	1.341080	6.508484
0.0104	9.419080	2.338250	11.757330	1.327830	6.072167
0.0105	7.294586	4.468785	11.763371	1.314764	4.702577
0.0106	5.676970	6.070801	11.747771	1.300199	3.659753
0.0107	6.123463	5.602487	11.725949	1.283176	3.947592
0.0108	8.122394	3.597171	11.719565	1.263792	5.236237
0.0109	9.699624	2.033727	11.733351	1.243160	6.253024
0.011	9.496259	2.255422	11.751681	1.223008	6.121921
0.0111	8.030733	3.725723	11.756456	1.205052	5.177146
0.0112	6.927024	4.818595	11.745619	1.190385	4.465621
0.0113	7.145270	4.587570	11.732841	1.179076	4.606318
0.0114	8.127180	3.604669	11.731848	1.170069	5.239322
0.0115	8.546446	3.196459	11.742905	1.161380	5.509609
0.0116	7.755435	3.998086	11.753520	1.150580	4.999670
0.0117	6.456627	5.295220	11.751848	1.135449	4.162372
0.0118	5.951591	5.787388	11.738979	1.114667	3.836793
0.0119	6.786108	4.941373	11.727480	1.088280	4.374777
0.012	8.218212	3.509783	11.727994	1.057794	5.298007
0.0121	9.028121	2.710485	11.738606	1.025833	5.820129
0.0122	8.727107	3.021131	11.748238	0.995467	5.626075
0.0123	7.878594	3.870399	11.748993	0.969402	5.079067
0.0124	7.333678	4.409567	11.743245	0.949303	4.727778
0.0125	7.369310	4.369209	11.738519	0.935437	4.750749
0.0126	7.654653	4.083630	11.738284	0.926718	4.934700
0.0127	7.825598	3.914601	11.740198	0.921044	5.044902
0.0128	7.830915	3.910414	11.741330	0.915795	5.048330
0.0129	7.772789	3.968860	11.741649	0.908362	5.010858
0.013	7.677784	4.064356	11.742140	0.896670	4.949611
0.0131	7.538078	4.204262	11.742340	0.879592	4.859547
0.0132	7.443923	4.297148	11.741071	0.857189	4.798849
0.0133	7.562178	4.176003	11.738181	0.830682	4.875084
0.0134	7.991006	3.744342	11.735347	0.802173	5.151535
0.0135	8.536763	3.199906	11.736669	0.774148	5.503366
0.0136	8.616744	3.127768	11.744512	0.748914	5.554928
0.0137	7.798949	3.954069	11.753018	0.728119	5.027722
0.0138	6.495553	5.257438	11.752991	0.712454	4.187466
0.0139	5.730848	6.011970	11.742819	0.701556	3.694487
0.014	6.177667	5.552923	11.730590	0.694130	3.982536
0.0141	7.501632	4.225124	11.726756	0.688247	4.836052
0.0142	8.608757	3.125838	11.734595	0.681757	5.549779
0.0143	8.647191	3.098943	11.746134	0.672719	5.574556
0.0144	7.844113	3.905754	11.749867	0.659766	5.056838
0.0145	7.229218	4.513630	11.742848	0.642344	4.660436
0.0146	7.528228	4.205435	11.733664	0.620794	4.853198
0.0147	8.339727	3.394488	11.734215	0.596264	5.376344
0.0148	8.473957	3.272232	11.746189	0.570473	5.462878
0.0149	7.356838	4.399450	11.756289	0.545377	4.742708
0.015	5.947439	5.803272	11.750711	0.522778	3.834116
0.0151	5.815430	5.917457	11.732887	0.503979	3.749014
0.0152	7.347984	4.372638	11.720622	0.489533	4.737001
0.0153	9.254932	2.471254	11.726186	0.479131	5.966346
0.0154	9.879672	1.864456	11.744128	0.471681	6.369095
0.0155	8.756771	3.001607	11.758378	0.465576	5.645198
0.0156	6.920774	4.836545	11.757319	0.459068	4.461592
0.0157	5.933162	5.809659	11.742822	0.450607	3.824912
0.0158	6.520239	5.208303	11.728541	0.439083	4.203381
0.0159	7.947190	3.780193	11.727383	0.423953	5.123289
0.016	8.807724	2.930761	11.738485	0.405328	5.678046
0.0161	8.471943	3.276914	11.748857	0.383988	5.461579
0.0162	7.605122	4.143227	11.748349	0.361315	4.902769
0.0163	7.242199	4.498171	11.740369	0.339094	4.668804
0.0164	7.566445	4.169989	11.736434	0.319171	4.877835
0.0165	7.827446	3.913929	11.741375	0.303023	5.046094
0.0166	7.432114	4.315606	11.747720	0.291367	4.791236
0.0167	6.733655	5.012896	11.746552	0.283975	4.340963
0.0168	6.534118	5.204566	11.738685	0.279849	4.212328
0.0169	7.128514	4.603605	11.732118	0.277598	4.595515
0.017	8.033555	3.699494	11.733049	0.275779	5.178965
0.0171	8.478603	3.261985	11.740588	0.273069	5.465873
0.0172	8.119275	3.628488	11.747764	0.268357	5.234226
0.0173	7.347440	4.400734	11.748175	0.260878	4.736650
0.0174	6.891214	4.850811	11.742024	0.250383	4.442536
0.0175	7.155595	4.579222	11.734816	0.237269	4.612973
0.0176	7.957367	3.774645	11.732012	0.222604	5.129849
0.0177	8.710194	3.025689	11.735883	0.207954	5.615172
0.0178	8.823887	2.920094	11.743981	0.195042	5.688466
0.0179	8.188000	3.561612	11.749612	0.185283	5.278531
0.018	7.364872	4.382294	11.747166	0.179370	4.747888
0.0181	7.175421	4.562337	11.737758	0.177145	4.625755
0.0182	7.940178	3.789727	11.729905	0.177805	5.118768
0.0183	9.000158	2.732825	11.732983	0.180256	5.802102
0.0184	9.169805	2.576733	11.746538	0.183393	5.911468
0.0185	7.961924	3.795920	11.757844	0.186308	5.132787
0.0186	6.309346	5.444741	11.754086	0.188498	4.067425
0.0187	5.776317	5.960880	11.737197	0.190026	3.723799
0.0188	6.926890	4.796759	11.723649	0.191512	4.465535
0.0189	8.617713	3.109953	11.727666	0.193784	5.555552
0.019	9.116811	2.628407	11.745217	0.197288	5.877304
0.0191	7.954634	3.802884	11.757518	0.201620	5.128087
0.0192	6.424712	5.327113	11.751825	0.205593	4.141798
0.0193	6.170290	5.564045	11.734336	0.207823	3.977781
0.0194	7.529365	4.193316	11.722680	0.207429	4.853930
0.0195	9.176036	2.553454	11.729490	0.204429	5.915485
0.0196	9.418775	2.329204	11.747978	0.199696	6.071970
0.0197	8.082381	3.675352	11.757733	0.194540	5.210441
0.0198	6.697442	5.051696	11.749138	0.190158	4.317618
0.0199	6.642694	5.091606	11.734300	0.187315	4.282323
0.02	7.634930	4.095244	11.730175	0.186473	4.921985
0.0201	8.377071	3.360925	11.737995	0.188172	5.400418
0.0202	8.259961	3.485043	11.745004	0.193153	5.324921
0.0203	7.887562	3.855273	11.742835	0.201911	5.084848
0.0204	7.993465	3.743765	11.737230	0.214011	5.153121
0.0205	8.396481	3.341565	11.738047	0.227836	5.412932
0.0206	8.339472	3.406006	11.745479	0.241073	5.376180
0.0207	7.573459	4.177075	11.750534	0.251564	4.882357
0.0208	6.727173	5.019486	11.746659	0.258022	4.336784
0.0209	6.628887	5.107873	11.736760	0.260346	4.273423
0.021	7.432284	4.298110	11.730394	0.259477	4.791346
0.0211	8.357797	3.377077	11.734874	0.256913	5.387993
0.0212	8.402701	3.343675	11.746376	0.254098	5.416941
0.0213	7.471130	4.281030	11.752160	0.251956	4.816389
0.0214	6.629325	5.114911	11.744236	0.250767	4.273705
0.0215	7.047780	4.681449	11.729230	0.250387	4.543469
0.0216	8.631266	3.092484	11.723750	0.250625	5.564290
0.0217	9.861137	1.875068	11.736205	0.251466	6.357146
0.0218	9.362734	2.392394	11.755129	0.253045	6.035843
0.0219	7.472397	4.288936	11.761333	0.255458	4.817205
0.022	5.918615	5.830389	11.749004	0.258645	3.815534
0.0221	6.066431	5.663606	11.730037	0.262435	3.910826
0.0222	7.781816	3.937971	11.719787	0.266665	5.016678
0.0223	9.750965	1.974383	11.725347	0.271264	6.286122
0.0224	10.516907	1.225347	11.742254	0.276229	6.779900
0.0225	9.567904	2.189249	11.757153	0.281534	6.168109
0.0226	7.735253	4.023549	11.758802	0.287064	4.986660
0.0227	6.419345	5.328493	11.747838	0.292606	4.138338
0.0228	6.440705	5.293151	11.733856	0.297915	4.152108
0.0229	7.609405	4.116677	11.726082	0.302808	4.905530
0.023	9.072716	2.655392	11.728108	0.307245	5.848877
0.0231	9.931107	1.806262	11.737369	0.311355	6.402254
0.0232	9.779238	1.967765	11.747003	0.315378	6.304349
0.0233	8.941648	2.808571	11.750219	0.319596	5.764382
0.0234	8.183838	3.561919	11.745756	0.324304	5.275847
0.0235	8.054582	3.684205	11.738787	0.329813	5.192520
0.0236	8.483741	3.251575	11.735316	0.336412	5.469185
0.0237	9.010054	2.726590	11.736644	0.344264	5.808482
0.0238	9.275924	2.464035	11.739959	0.353322	5.979879
0.0239	9.231530	2.511053	11.742583	0.363357	5.951259
0.024	8.985749	2.758290	11.744039	0.374105	5.792813
0.0241	8.634629	3.110078	11.744707	0.385383	5.566457
0.0242	8.263617	3.480731	11.744347	0.397117	5.327278
0.0243	7.988580	3.754278	11.742859	0.409233	5.149971
0.0244	7.872617	3.868855	11.741472	0.421517	5.075214
0.0245	7.818964	3.922817	11.741781	0.433520	5.040626
0.0246	7.663756	4.079360	11.743116	0.444572	4.940568
0.0247	7.455608	4.286646	11.742254	0.453958	4.806382
0.0248	7.525796	4.211877	11.737672	0.461187	4.851630
0.0249	8.107670	3.625326	11.732997	0.466245	5.226745
0.025	8.914338	2.819663	11.734001	0.469655	5.746776
0.0251	9.255784	2.486152	11.741936	0.472296	5.966895
0.0252	8.683548	3.067297	11.750845	0.475114	5.597994
0.0253	7.529887	4.222464	11.752351	0.478897	4.854267
0.0254	6.743683	5.000052	11.743736	0.484207	4.347428
0.0255	7.092840	4.638384	11.731224	0.491402	4.572517
0.0256	8.466404	3.258393	11.724796	0.500635	5.458008
0.0257	9.932629	1.796948	11.729577	0.511761	6.403235
0.0258	10.493950	1.247674	11.741624	0.524221	6.765100
0.0259	9.877930	1.873565	11.751495	0.537045	6.367972
0.026	8.694292	3.058069	11.752361	0.549049	5.604920
0.0261	7.861859	3.883342	11.745201	0.559173	5.068278
0.0262	7.880354	3.856200	11.736554	0.566813	5.080202
0.0263	8.574590	3.157825	11.732415	0.572015	5.527753
0.0264	9.366910	2.367658	11.734568	0.575438	6.038535
0.0265	9.711526	2.029249	11.740774	0.578133	6.260697
0.0266	9.422986	2.323359	11.746346	0.581232	6.074685
0.0267	8.805924	2.940869	11.746793	0.585665	5.676886
0.0268	8.428462	3.313552	11.742014	0.591977	5.433549
0.0269	8.585892	3.151252	11.737144	0.600232	5.535039
0.027	9.025077	2.711672	11.736749	0.610035	5.818166
0.0271	9.308846	2.430777	11.739623	0.620656	6.001103
0.0272	9.327647	2.413761	11.741409	0.631196	6.013223
0.0273	9.302000	2.438656	11.740656	0.640756	5.996689
0.0274	9.387087	2.352581	11.739668	0.648554	6.051542
0.0275	9.500668	2.239483	11.740151	0.654019	6.124764
0.0276	9.514314	2.227176	11.741491	0.656856	6.133561
0.0277	9.384300	2.358679	11.742980	0.657102	6.049746
0.0278	9.113232	2.630920	11.744152	0.655148	5.874997
0.0279	8.796942	2.946681	11.743623	0.651715	5.671095
0.028	8.645424	3.095575	11.740999	0.647749	5.573417
0.0281	8.778449	2.959974	11.738424	0.644271	5.659174
0.0282	9.056660	2.681716	11.738375	0.642172	5.838527
0.0283	9.205051	2.535686	11.740737	0.642002	5.934189
0.0284	9.113022	2.629572	11.742594	0.643794	5.874862
0.0285	8.974959	2.766543	11.741502	0.646994	5.785857
0.0286	9.044123	2.694941	11.739063	0.650519	5.830444
0.0287	9.254899	2.484320	11.739220	0.652932	5.966325
0.0288	9.276983	2.465500	11.742483	0.652720	5.980562
0.0289	8.973848	2.771083	11.744931	0.648638	5.785141
0.029	8.614299	3.129127	11.743426	0.640046	5.553351
0.0291	8.544372	3.195471	11.739843	0.627155	5.508272
0.0292	8.728877	3.010275	11.739153	0.611053	5.627216
0.0293	8.715189	3.028591	11.743780	0.593482	5.618392
0.0294	8.103932	3.646064	11.749996	0.576415	5.224335
0.0295	7.110163	4.639975	11.750138	0.561590	4.583685
0.0296	6.599703	5.140671	11.740374	0.550209	4.254609
0.0297	7.338837	4.388145	11.726982	0.542817	4.731103
0.0298	9.082641	2.639632	11.722273	0.539262	5.855276
0.0299	10.564969	1.167275	11.732244	0.538618	6.810883
0.03	10.576160	1.173411	11.749571	0.539183	6.818098
0.0301	9.095030	2.664653	11.759682	0.538726	5.863262
0.0302	7.379978	4.373713	11.753691	0.534988	4.757626
0.0303	6.922001	4.814351	11.736352	0.526303	4.462383
0.0304	8.163178	3.559310	11.722488	0.512103	5.262529
0.0305	10.033924	1.691299	11.725222	0.493123	6.468536
0.0306	10.767101	0.976618	11.743719	0.471197	6.941191
0.0307	9.507169	2.254521	11.761690	0.448698	6.128955
0.0308	7.215344	4.547149	11.762493	0.427804	4.651492
0.0309	5.778488	5.967647	11.746135	0.409917	3.725199
0.031	6.198855	5.529626	11.728481	0.395541	3.996195
0.0311	7.798458	3.925540	11.723997	0.384597	5.027406
0.0312	9.149079	2.583116	11.732195	0.376828	5.898106
0.0313	9.510137	2.231661	11.741798	0.371852	6.130868
0.0314	9.202816	2.542295	11.745111	0.368892	5.932749
0.0315	8.806922	2.937602	11.744524	0.366631	5.677529
0.0316	8.433353	3.311798	11.745152	0.363476	5.436702
0.0317	7.948278	3.797747	11.746025	0.358162	5.123990
0.0318	7.567357	4.175074	11.742430	0.350308	4.878423
0.0319	7.786461	3.948314	11.734775	0.340638	5.019672
0.032	8.679309	3.051113	11.730422	0.330706	5.595261
0.0321	9.575663	2.159346	11.735010	0.322224	6.173111
0.0322	9.697702	2.046769	11.744471	0.316308	6.251785
0.0323	9.043059	2.705995	11.749054	0.313116	5.829759
0.0324	8.364700	3.380546	11.745246	0.312141	5.392443
0.0325	8.252361	3.486691	11.739052	0.312889	5.320022
0.0326	8.620042	3.116003	11.736045	0.315335	5.557054
0.0327	9.140775	2.594824	11.735599	0.319729	5.892753
0.0328	9.650856	2.085507	11.736363	0.326085	6.221585
0.0329	9.930963	1.809854	11.740817	0.333924	6.402161
0.033	9.509966	2.240007	11.749973	0.342489	6.130758
0.0331	8.204877	3.551830	11.756706	0.351147	5.289411
0.0332	6.762360	4.989219	11.751579	0.359655	4.359468
0.0333	6.448702	5.286703	11.735405	0.368153	4.157263
0.0334	7.779331	3.942095	11.721427	0.376992	5.015075
0.0335	9.821804	1.900706	11.722510	0.386546	6.331790
0.0336	10.999328	0.737852	11.737180	0.397090	7.090900
0.0337	10.608035	1.143204	11.751239	0.408777	6.838647
0.0338	9.345189	2.408598	11.753787	0.421662	6.024532
0.0339	8.340561	3.406785	11.747346	0.435770	5.376881
0.034	8.055813	3.684871	11.740683	0.451173	5.193314
0.0341	8.239278	3.498879	11.738158	0.468042	5.311588
0.0342	8.520895	3.217310	11.738205	0.486633	5.493137
0.0343	8.792369	2.945728	11.738096	0.507162	5.668147
0.0344	9.088375	2.649603	11.737978	0.529605	5.858972
0.0345	9.327754	2.411660	11.739414	0.553478	6.013292
0.0346	9.340335	2.402017	11.742352	0.577758	6.021403
0.0347	9.045550	2.699698	11.745248	0.601026	5.831365
0.0348	8.545323	3.200775	11.746099	0.621801	5.508885
0.0349	8.135256	3.608007	11.743263	0.638934	5.244529
0.035	8.174177	3.563385	11.737562	0.651920	5.269619
0.0351	8.749487	2.983999	11.733486	0.661050	5.640502
0.0352	9.454103	2.281282	11.735385	0.667358	6.094745
0.0353	9.699571	2.042375	11.741946	0.672406	6.252990
0.0354	9.296973	2.450350	11.747323	0.677963	5.993449
0.0355	8.600873	3.146660	11.747533	0.685642	5.544696
0.0356	8.113088	3.630552	11.743640	0.696557	5.230238
0.0357	8.071007	3.668169	11.739176	0.711046	5.203109
0.0358	8.402101	3.334246	11.736348	0.728537	5.416555
0.0359	8.928914	2.806264	11.735179	0.747632	5.756173
0.036	9.506502	2.228896	11.735398	0.766450	6.128525
0.0361	9.951275	1.786895	11.738170	0.783070	6.415255
0.0362	9.920824	1.824217	11.745040	0.795953	6.395624
0.0363	9.058836	2.695127	11.753963	0.804204	5.839930
0.0364	7.502786	4.254582	11.757368	0.807681	4.836796
0.0365	6.182707	5.566000	11.748707	0.806927	3.985785
0.0366	6.228487	5.503105	11.731592	0.802965	4.015298
0.0367	7.883882	3.835075	11.718957	0.797022	5.082476
0.0368	10.091120	1.630510	11.721630	0.790270	6.505409
0.0369	11.287058	0.450700	11.737758	0.783643	7.276390
0.037	10.750960	1.002549	11.753508	0.777780	6.930785
0.0371	9.255871	2.499557	11.755428	0.773054	5.966952
0.0372	8.324454	3.419061	11.743514	0.769668	5.366498
0.0373	8.734277	2.997093	11.731370	0.767730	5.630697
0.0374	9.791177	1.940652	11.731829	0.767261	6.312045
0.0375	10.179997	1.563199	11.743196	0.768106	6.562705
0.0376	9.424300	2.328082	11.752382	0.769790	6.075532
0.0377	8.270671	3.480036	11.750707	0.771434	5.331826
0.0378	7.683725	4.058883	11.742608	0.771803	4.953442
0.0379	7.804798	3.933124	11.737922	0.769491	5.031493
0.038	8.051387	3.688462	11.739848	0.763209	5.190461
0.0381	7.969062	3.774290	11.743352	0.752109	5.137388
0.0382	7.706886	4.035998	11.742885	0.736035	4.968373
0.0383	7.703289	4.035446	11.738736	0.715627	4.966054
0.0384	8.098120	3.637703	11.735823	0.692231	5.220588
0.0385	8.557381	3.180292	11.737672	0.667605	5.516658
0.0386	8.648685	3.093764	11.742449	0.643506	5.575519
0.0387	8.350771	3.393652	11.744423	0.621276	5.383463
0.0388	8.178153	3.561610	11.739763	0.601563	5.272183
0.0389	8.687095	3.044953	11.732048	0.584298	5.600281
0.039	9.738335	1.992160	11.730496	0.568922	6.277980
0.0391	10.399008	1.340782	11.739790	0.554700	6.703894
0.0392	9.845732	1.906984	11.752715	0.540885	6.347215
0.0393	8.370782	3.385514	11.756296	0.526745	5.396364
0.0394	7.228331	4.518337	11.746668	0.511655	4.659864
0.0395	7.304961	4.429306	11.734267	0.495346	4.709265
0.0396	8.260382	3.469787	11.730169	0.478128	5.325193
0.0397	9.173213	2.561109	11.734322	0.460852	5.913665
0.0398	9.529143	2.211137	11.740280	0.444499	6.143121
0.0399	9.376088	2.368212	11.744300	0.429589	6.044452
0.04	8.909376	2.837330	11.746706	0.415790	5.743577
0.0401	8.270022	3.477533	11.747555	0.402041	5.331408
0.0402	7.690680	4.054525	11.745206	0.387131	4.957925
0.0403	7.526660	4.212833	11.739493	0.370373	4.852187
0.0404	7.972643	3.761155	11.733797	0.351925	5.139697
0.0405	8.791425	2.941292	11.732717	0.332630	5.667539
0.0406	9.396274	2.341770	11.738044	0.313548	6.057465
0.0407	9.258519	2.488140	11.746659	0.295556	5.968659
0.0408	8.386935	3.364389	11.751324	0.279253	5.406777
0.0409	7.527395	4.218450	11.745845	0.265141	4.852660
0.041	7.645491	4.087735	11.733226	0.253829	4.928793
0.0411	8.875461	2.850499	11.725960	0.245973	5.721714
0.0412	10.137850	1.595274	11.733123	0.241879	6.535534
0.0413	10.140634	1.608410	11.749044	0.241073	6.537329
0.0414	8.756986	3.001258	11.758244	0.242262	5.645337
0.0415	7.219941	4.531835	11.751776	0.243828	4.654455
0.0416	6.893666	4.842390	11.736056	0.244543	4.444117
0.0417	8.029549	3.695126	11.724675	0.244016	5.176382
0.0418	9.708606	2.017233	11.725839	0.242680	6.258815
0.0419	10.684479	1.053304	11.737783	0.241476	6.887927
0.042	10.282157	1.469530	11.751687	0.241523	6.628564
0.0421	8.794119	2.964070	11.758189	0.243878	5.669275
0.0422	7.217096	4.536244	11.753340	0.249397	4.652621
0.0423	6.572533	5.168058	11.740591	0.258642	4.237093
0.0424	7.253468	4.474957	11.728425	0.271798	4.676069
0.0425	8.759717	2.965508	11.725225	0.288590	5.647098
0.0426	10.005703	1.727688	11.733391	0.308271	6.450343
0.0427	10.099726	1.646945	11.746671	0.329753	6.510957
0.0428	9.047196	2.707483	11.754678	0.351886	5.832425
0.0429	7.727389	4.024354	11.751743	0.373770	4.981590
0.043	7.128540	4.612930	11.741470	0.394936	4.595532
0.0431	7.554447	4.178293	11.732740	0.415304	4.870100
0.0432	8.499672	3.231889	11.731561	0.435011	5.479455
0.0433	9.218626	2.517874	11.736500	0.454269	5.942941
0.0434	9.393585	2.347785	11.741370	0.473328	6.055731
0.0435	9.281167	2.460816	11.741983	0.492475	5.983259
0.0436	9.271861	2.468119	11.739980	0.512001	5.977260
0.0437	9.404658	2.335114	11.739773	0.532128	6.062870
0.0438	9.398362	2.344174	11.742535	0.552898	6.058810
0.0439	9.093653	2.651395	11.745048	0.574094	5.862375
0.044	8.682361	3.062136	11.744497	0.595201	5.597229
0.0441	8.432174	3.310220	11.742394	0.615446	5.435942
0.0442	8.319733	3.422440	11.742174	0.633887	5.363455
0.0443	8.114582	3.629264	11.743846	0.649570	5.231200
0.0444	7.793875	3.949989	11.743864	0.661749	5.024451
0.0445	7.632685	4.108172	11.740857	0.670123	4.920537
0.0446	7.784164	3.954308	11.738472	0.675028	5.018191
0.0447	7.965144	3.775435	11.740579	0.677514	5.134863
0.0448	7.761630	3.983688	11.745318	0.679251	5.003664
0.0449	7.221873	4.524279	11.746153	0.682256	4.655701
0.045	6.976909	4.762491	11.739400	0.688470	4.497781
0.0451	7.608903	4.121290	11.730193	0.699233	4.905206
0.0452	8.836677	2.892495	11.729172	0.714762	5.696711
0.0453	9.561325	2.178287	11.739612	0.733921	6.163868
0.0454	9.101240	2.648934	11.750174	0.754516	5.867266
0.0455	8.162842	3.585121	11.747962	0.773912	5.262312
0.0456	8.012882	3.723592	11.736474	0.789671	5.165638
0.0457	8.823090	2.908240	11.731330	0.800043	5.687952
0.0458	9.439368	2.300993	11.740360	0.804260	6.085246
0.0459	8.757245	2.997525	11.754770	0.802586	5.645504
0.046	7.040152	4.718548	11.758700	0.796145	4.538551
0.0461	5.759098	5.987330	11.746427	0.786615	3.712698
0.0462	6.119972	5.608533	11.728505	0.775825	3.945342
0.0463	7.895269	3.824992	11.720261	0.765344	5.089817
0.0464	9.736553	1.990445	11.726998	0.756106	6.276831
0.0465	10.432438	1.308834	11.741273	0.748204	6.725445
0.0466	9.851849	1.898595	11.750444	0.741044	6.351159
0.0467	8.979651	2.767063	11.746714	0.733805	5.788881
0.0468	8.899676	2.837314	11.736990	0.725957	5.737324
0.0469	9.464297	2.271298	11.735595	0.717473	6.101317
0.047	9.634366	2.109450	11.743816	0.708654	6.210955
0.0471	8.901276	2.850633	11.751909	0.699766	5.738356
0.0472	7.703276	4.049114	11.752390	0.690849	4.966045
0.0473	6.876254	4.868661	11.744915	0.681845	4.432892
0.0474	6.992649	4.741975	11.734624	0.672742	4.507928
0.0475	7.996346	3.731850	11.728196	0.663550	5.154977
0.0476	9.270829	2.458723	11.729552	0.654171	5.976594
0.0477	10.037217	1.700660	11.737877	0.644355	6.470659
0.0478	9.834502	1.913203	11.747704	0.633800	6.339975
0.0479	8.899468	2.851849	11.751317	0.622289	5.737190
0.048	8.073907	3.671826	11.745732	0.609780	5.204979
0.0481	8.033004	3.704172	11.737177	0.596388	5.178610
0.0482	8.632257	3.101664	11.733921	0.582282	5.564929
0.0483	9.194397	2.543230	11.737627	0.567606	5.927321
0.0484	9.208062	2.535862	11.743924	0.552499	5.936131
0.0485	8.701067	3.046200	11.747267	0.537167	5.609288
0.0486	8.116273	3.629217	11.745490	0.521930	5.232291
0.0487	7.880655	3.860235	11.740889	0.507159	5.080395
0.0488	8.089423	3.647673	11.737096	0.493144	5.214981
0.0489	8.567942	3.167545	11.735487	0.479972	5.523467
0.049	9.136111	2.598979	11.735090	0.467482	5.889746
0.0491	9.718614	2.016636	11.735250	0.455336	6.265266
0.0492	10.216049	1.521044	11.737094	0.443139	6.585946
0.0493	10.386386	1.355502	11.741888	0.430555	6.695757
0.0494	9.965534	1.782913	11.748447	0.417389	6.424447
0.0495	8.969390	2.783124	11.752514	0.403610	5.782267
0.0496	7.874060	3.875936	11.749996	0.389322	5.076144
0.0497	7.347894	4.393849	11.741743	0.374751	4.736942
0.0498	7.699309	4.034278	11.733587	0.360313	4.963488
0.0499	8.617783	3.113238	11.731022	0.346675	5.555598
0.05	9.470034	2.264577	11.734610	0.334663	6.105015
