1205 6635 3586 1369 1277 1529 1607 2320 3782 4933 3344 
3020 3181 1581 1938 1718 1771 1780 1455 3058 2990 2111 
2172 1517 1724 1373 1387 888 609 2014 1177 5317 12640 
6801 2002 1309 778 2781 789 423 2209 2768 4312 4985 
4140 1650 2911 913 1670 1998 1728 788 2353 3400 2295 
4123 3294 3165 1292 786 1246 1030 2388 2928 2485 5734 
3734 547 1097 1087 1692 1543 1873 3880 2243 3081 2592 
2715 2806 490 864 901 1443 1501 3429 2381 2295 5047 
4228 1184 1852 3422 1107 2500 2171 2651 6824 3952 4261 
2200 1569 2957 1141 1099 1780 995 3701 1386 3080 6029 
5052 3296 1058 1209 678 2367 747 1557 1579 2000 3839 
762 3937 2003 2399 929 2701 725 3145 2174 2557 5498 
1337 2240 2978 580 981 854 1097 1142 2458 5641 4539 
2926 992 2356 3397 1926 1172 2507 1784 2447 3918 5578 
3190 3136 3515 619 2581 748 661 3019 1513 4185 7979 
1661 3075 1841 2908 635 1903 982 2697 3082 2630 7667 
1271 2777 1124 413 1590 2753 2699 3800 2718 3592 6200 
4952 2140 1867 856 942 1345 2110 4908 2269 4054 5796 
2564 1749 3129 2145 1539 1262 639 2371 1921 3909 5142 
2268 2710 955 2231 1510 2067 1629 3197 2481 1853 9537 
2705 805 1145 2495 861 1533 1760 2063 2347 2818 7142 
1024 4200 1085 2206 1177 2406 1250 1639 2732 3262 4446 
2628 1382 475 1362 922 2513 710 2538 2395 2628 2418 
3339 1275 1354 1854 916 2878 1266 1386 2583 2456 3673 
2745 2009 1623 744 1394 1407 903 3105 2293 3833 4411 
6821 2357 2252 2949 957 1003 1347 1499 2521 3788 5433 
1122 2801 3717 1481 566 1227 1862 992 2457 2712 7028 
2901 1024 766 1986 1157 2658 2365 3170 2282 1577 4445 
4316 5860 582 1466 665 865 1180 1080 3961 7409 4408 
2227 2432 2395 756 1543 2301 2665 2989 1603 7112 7141 
820 6382 1658 553 631 1914 1439 1058 2778 5472 4414 
4447 1462 1597 1312 1296 2624 1692 1933 1887 5585 3064 
4738 2866 2771 1046 968 1875 570 1594 2467 4802 5462 
2445 1663 1399 3068 1545 1700 1122 1014 2657 3065 5478 
2475 1133 1146 1033 1236 2097 1619 2297 2111 4529 5951 
3320 1004 1083 1955 1398 1473 1171 1699 2498 4189 8950 
2749 2783 2938 501 1797 3004 1678 1259 2680 1749 8532 
6166 791 2053 849 493 2645 1095 1550 3393 4444 6734 
1483 1202 1240 1700 839 1792 1519 6400 2870 5843 4052 
2008 910 992 551 952 1202 2054 7132 2503 7253 5535 
3584 936 1105 805 636 1176 602 2663 2371 2436 4866 
1194 396 733 2047 2891 1811 4620 1778 3066 2878 4172 
3544 2037 1525 1976 748 1195 1106 3578 2984 5555 3081 
2501 2048 1050 959 1518 934 794 2215 1062 2076 4321 
6675 2566 1125 1537 1947 2930 1192 3483 3337 6201 7189 
2249 1229 1795 2536 995 1007 1587 1301 1652 3037 4782 
3915 1581 3155 1066 1112 1380 1027 1927 2133 7459 7780 
2651 814 1172 1753 2429 1144 2276 3897 2653 5025 3647 
2744 2919 605 750 1832 589 3769 2816 2277 3345 2783 
2967 2764 422 1393 1073 1855 834 2872 2148 2522 7328 
5472 783 1613 2069 776 1097 1685 1941 890 3150 9911 
4919 1466 2111 1815 2893 2829 1597 1546 2560 2826 12733 
1242 489 1061 1722 1084 493 2327 1427 1376 2752 4582 
2077 3257 1965 808 1409 2186 1721 819 2394 2214 9076 
4980 3319 1187 1938 4145 573 2625 2740 3324 3848 5921 
1591 1127 1315 1487 3544 2027 1933 2096 2770 3757 6048 
4306 7147 1276 1030 2120 1057 1674 3819 1254 2360 5711 
1902 1092 1068 1082 1913 3429 1679 349 1377 2142 1779 
5658 698 744 793 1273 1322 2448 1909 2575 4905 5253 
1879 2844 622 662 1148 642 1756 2049 1194 3640 9175 
3174 1347 568 911 981 1818 1041 5225 2820 4795 5944 
4822 1832 2801 1571 1965 2294 1646 2353 3114 2749 4703 
3045 1607 1957 1431 2099 717 1184 1078 3176 4010 11862 
6738 943 1601 2707 816 2148 1465 877 2788 1473 4629 
3429 1347 1403 1942 4443 2108 1635 3095 1310 3992 10976 
5513 1744 5635 1077 1679 4861 1061 1714 1635 3522 4218 
1636 1798 1273 2425 2674 571 1251 2084 2933 3268 3668 
5203 2032 855 2838 1784 1025 880 4881 7612 3850 6745 
1806 3217 1015 1185 2388 1724 2419 1854 2516 4842 4534 
6800 3001 3630 2834 1477 1957 1090 1924 6016 5046 4834 
3263 1316 1192 461 984 2001 2751 2934 2520 1235 3982 
3246 1126 1392 1427 1707 1103 1009 3765 1809 3267 5944 
4920 1694 1075 381 1255 2194 1576 1696 1676 2731 4110 
3340 1113 1253 1471 1525 1030 4644 1558 2493 5643 3353 
3678 3652 1968 974 1396 895 1088 1186 4226 2158 3709 
5610 3546 2003 1492 4205 1099 1760 3137 2663 2889 5574 
2260 1173 1646 1556 1326 1467 1324 2048 3821 4090 3992 
4106 3095 920 737 797 3707 1405 1787 2911 4576 6371 
2963 4225 1350 965 866 2215 1314 3238 1592 4172 7793 
1477 2836 1774 1252 558 906 1518 1173 1920 2569 3306 
3831 2357 1351 972 1483 1081 2666 2171 3128 1474 6207 
6735 1677 2760 948 2170 2344 2436 1059 2034 1716 7859 
6696 6085 1508 2707 1334 932 2112 1497 2276 2709 7380 
3621 902 1240 1425 1523 1035 3630 3351 1225 4748 7988 
1415 1100 806 1278 689 1262 1934 1650 7143 5357 3928 
1233 1157 892 1018 1852 2419 1276 1313 4548 2699 5141 
3294 1188 1409 906 1053 1035 866 977 3225 2834 5348 
1612 1170 1769 1715 2110 898 650 1695 2020 7496 8051 
2025 1642 1748 979 1283 945 1246 1801 2272 2320 7721 
4572 925 1248 859 2199 2807 3159 3512 5160 5217 3421 
4112 648 1036 1169 1239 1782 1708 1160 3045 5684 4229 
5880 857 1338 2522 1758 1101 1048 2272 2270 3468 3359 
1883 678 1655 3324 2003 2497 1077 3731 3658 9121 10374 
2191 4807 1965 928 1250 862 563 2173 3308 1715 6408 
6779 1131 1584 1540 1243 2367 1665 2470 3466 6811 8347 
835 1359 385 1274 800 1130 1943 1323 2538 5342 5036 
3648 1810 1832 1907 2874 1434 1459 1863 1033 2700 3925 
5365 1781 864 1087 627 1271 1719 1883 1236 6053 2160 
3906 666 2071 1090 1041 967 2735 1098 2735 1593 10281 
1177 1673 1723 2199 1121 1237 1769 2156 1652 2843 5459 
6829 1110 1873 1751 1166 1769 5269 4446 960 4655 3470 
2313 3311 794 2893 1124 2375 1772 3335 4340 3728 3536 
3257 546 1442 1752 1641 1366 1890 1737 1333 2798 2675 
1831 1946 1797 773 1183 1073 1348 1875 2346 3248 2381 
857 403 1714 1362 839 946 3392 3234 3025 3321 4020 
5054 646 599 850 1373 2202 677 1600 3332 4734 2352 
2888 3423 2626 1634 1001 858 1296 2078 3478 2224 4188 
4583 609 1934 1032 1302 1125 2668 2171 3441 2939 12960 
2878 1418 936 1728 819 2276 2527 1745 1843 3646 5403 
1575 638 748 2476 1496 399 1010 1106 2526 2967 4057 
1891 2437 1010 1538 2580 1342 727 1259 1826 4101 4987 
1246 790 903 910 1117 3372 1243 1140 1885 3170 8500 
2673 1160 665 1211 1184 1568 851 2782 3807 1165 6154 
1976 1389 1368 654 638 2632 1786 1637 1586 6114 2178 
1633 1057 2657 1082 2501 948 3548 3242 3616 2023 6244 
1336 1277 910 1035 1180 2665 2186 2166 5206 8293 4410 
6768 5992 2133 759 620 1046 2271 2657 1688 4420 6029 
6249 1994 1284 1064 650 1502 2033 1864 1807 5093 5506 
2437 6317 1356 4374 673 1560 1449 1297 1983 3711 1964 
1879 1658 867 785 802 634 2192 1002 2641 3668 7694 
6284 1794 2436 4289 876 1071 1375 3276 2491 4844 7391 
4221 2636 1156 1863 1780 1475 2422 2265 1974 3306 6396 
2164 1228 2292 1583 815 3316 1523 1877 2166 3127 4871 
3127 1078 1101 1182 2286 1284 1865 2108 1531 2456 4330 
1340 2709 665 3174 3992 1833 2820 2546 2097 2302 7643 
2907 992 1017 2848 2187 848 1584 901 2566 2844 4723 
2569 1881 1256 1549 2898 753 849 2372 1503 10592 14393 
6566 4080 714 2137 1045 2423 1483 1166 1839 6600 8456 
5802 1328 1536 2656 1149 2266 1566 1854 5056 8653 5461 
1962 3018 1220 1522 1541 1192 1718 1304 1695 3705 5076 
2076 1118 1890 604 1894 1359 3124 2772 1890 4226 3524 
2846 1098 2643 1391 1180 2024 2304 4699 1857 2261 6638 
2763 1242 737 4478 826 962 1996 2324 1896 2315 4757 
2999 1290 1252 1102 513 834 3307 3339 6545 5210 7810 
6525 1628 1390 931 2594 1883 1510 2048 1766 4852 10519 
2341 1459 1701 1039 2389 461 1671 1523 3350 2345 4687 
947 1050 819 1431 1573 1054 1023 2487 1870 3763 5926 
2454 7255 762 559 520 1084 1412 2584 3120 5049 5109 
5934 3379 1470 1812 877 3010 749 1779 3816 2075 8501 
1580 1082 1834 896 1531 1612 1180 2866 1545 2720 9398 
591 468 257 963 566 1355 3001 1577 5312 3614 6652 
3208 1030 1765 2235 848 2209 5821 2448 2125 940 7003 
1695 520 859 2398 1584 1951 1290 1892 2324 6496 6827 
6748 2616 1463 1203 1189 1185 3485 1925 4019 3035 3878 
3768 3710 2152 770 1476 820 933 2794 2984 4539 4100 
5440 3654 875 973 1090 945 1737 2523 1357 1325 6945 
6665 1325 993 846 1857 3011 1113 917 2078 2690 4176 
2047 2137 1688 887 797 1957 1182 2324 1873 4962 2377 
1897 2952 891 1210 1212 908 1316 1455 5902 2892 4439 
1665 700 1145 1263 5841 2994 1844 2219 4327 5183 5941 
2934 1689 620 608 1295 3240 3709 1629 2436 1839 4540 
1657 835 686 1078 690 1162 4336 1159 4455 3369 4343 
1926 1746 1360 2004 626 2468 1437 1633 2066 3748 4219 
1809 2783 997 1234 3030 1739 1370 2067 1772 1945 5722 
3738 1885 2453 1139 1701 797 2479 1614 2384 3591 5889 
5528 1666 2576 753 1198 1381 1071 2179 4237 2459 1537 
1672 1814 2235 493 737 885 356 1594 7355 5964 5177 
5611 2079 1859 2982 1749 3486 1066 1336 1265 3353 5048 
2931 1401 936 2162 658 1029 583 958 1425 9287 8136 
1502 613 476 1054 548 1653 1185 1467 2739 4515 4088 
4222 1118 1291 693 371 962 2119 2893 2520 4970 6828 
3678 1357 1409 3112 1084 9327 2947 3873 2864 5017 11198 
3770 2432 1365 2005 603 1298 1628 1327 839 3434 9357 
2750 1437 2260 1542 687 1316 1842 939 1935 5391 2703 
3911 1212 3046 645 1335 2647 1007 3975 5938 4353 4827 
3821 1995 1348 2072 2136 1059 1242 1729 5054 2500 5003 
6073 3051 556 1520 2931 1439 1677 2858 2678 4290 10211 
1965 3484 1107 806 1350 1195 2758 2458 1936 2796 3724 
2459 5203 2414 638 589 733 1385 1522 1963 6178 6994 
2002 1520 1117 1966 260 953 1695 2461 8408 3563 8099 
5443 3588 992 1305 1233 1497 1230 3679 4330 5771 8695 
3474 2154 1149 806 601 642 1469 3239 1604 6295 5423 
6738 551 2386 3042 868 1340 929 3355 1222 3245 11343 
3195 5408 805 719 1503 1104 4365 2268 1757 5751 4568 
6857 1270 906 1548 1545 780 1333 1800 2814 4683 2090 
1921 1970 1558 1365 754 2477 1808 1398 3123 6297 3926 
1340 1705 3168 1229 938 1171 2570 1367 5253 3718 8981 
2822 2781 1215 685 407 2186 2659 2955 2273 6363 4749 
3272 1787 2686 1090 2430 1156 2360 2826 2323 3569 3846 
3420 1401 2747 492 1532 2973 2767 1533 3398 4706 7916 
6777 1245 2025 661 1924 1003 956 1550 3097 2543 7058 
1556 1801 1303 2144 782 1241 1395 2102 2097 5125 3128 
1597 1381 1750 934 1094 1515 1744 2884 2629 1771 5272 
5511 1293 1110 2202 1065 1497 2571 1511 4170 2057 4341 
2869 3376 2751 861 752 971 1795 579 1962 5030 6846 
6356 2970 1212 5663 2100 1734 2135 3649 3052 1674 7899 
6063 869 1587 1020 2006 1586 1543 2532 1479 1981 6067 
1336 865 1247 409 1012 319 667 1309 3261 2428 5722 
5399 652 4117 1465 1692 2260 3359 1190 2812 5374 4336 
3510 5866 1485 1029 1621 864 3463 1594 4059 2844 3886 
4274 2208 984 1266 1858 1756 1218 4163 2606 3987 2304 
4113 811 2149 2818 1535 1448 1765 988 4624 4443 2943 
3399 1051 1393 1595 788 3443 619 1950 1357 3650 6945 
4524 1191 1820 1572 1084 1913 1197 864 2888 4889 6043 
1472 1147 565 1110 812 975 1444 1725 2431 2405 6256 
2930 1522 2092 808 575 2129 1019 2401 2360 2808 7087 
2721 2698 1140 498 1777 680 1869 3471 3591 5083 3717 
3309 2464 1609 1607 1559 1162 976 1576 2459 2897 6581 
2728 1977 1283 837 1273 1395 1342 4061 6082 3902 9248 
4822 5482 3945 811 789 1858 670 2612 2395 3379 10028 
5218 670 1236 2403 1272 1738 838 1380 2347 7822 7416 
1899 1681 747 1005 1484 908 1487 3124 3143 4262 4314 
2929 1967 1584 496 582 2226 2331 2945 2838 2478 6171 
4275 2769 1738 534 1602 2136 3244 988 2643 4039 8859 
4138 1815 1290 937 1405 1131 1211 1245 2872 5596 2730 
3979 1460 1975 2554 352 1004 1982 2497 2229 3889 7122 
3425 1133 843 686 1103 1470 1389 2898 1843 4588 5002 
2414 886 837 898 843 1389 1209 2264 928 2153 5737 
3049 1940 736 843 2372 1305 1362 2725 1575 3872 4682 
4813 870 2192 2847 2005 2038 945 3899 1431 6535 4411 
848 2052 1444 2076 1387 1348 1458 1675 2024 2885 8424 
2780 1456 1674 640 2355 1885 3360 1608 2954 4164 4781 
2658 1062 1025 1094 1682 3233 2815 3548 2209 4228 4235 
3678 326 1277 883 1038 910 915 2053 6301 4622 5163 
3078 1407 887 1908 1761 1957 3228 1392 1580 5623 4081 
4968 1230 1396 1982 438 1426 2744 1111 2496 5544 3564 
2795 423 1061 935 625 933 2018 2247 3111 3184 3048 
2161 2405 1945 1347 951 728 988 1705 1967 3509 3447 
4795 2884 1445 2270 958 954 2076 1487 1719 2192 1961 
2834 1548 3695 1097 1698 1479 1882 2665 1402 5278 3931 
4706 988 1452 1732 1157 866 1380 1043 4256 1932 9677 
1982 1924 1246 818 1575 503 4182 974 3796 5259 3822 
3295 834 1861 612 1891 1399 1497 1451 3476 4171 3946 
4501 1858 805 1424 1187 779 2371 2659 4816 3635 8046 
2590 2164 1237 1792 1608 3116 2657 1166 2428 2425 4339 
1764 2116 570 1205 1746 1340 2354 2577 1608 2457 5129 
3661 1578 1867 2552 2329 1567 929 1273 2887 2536 4621 
2588 2398 2342 1756 3154 745 2350 1927 2997 10612 4768 
2678 3292 671 896 1538 2342 2123 1727 2867 5183 3826 
2498 2649 4891 1037 1804 1113 1151 1859 5806 2800 6011 
3108 2008 2924 1217 1892 805 1224 1723 1840 2428 10313 
2522 2801 1491 3077 1565 1257 1606 2881 2246 2347 3596 
5105 964 635 688 1466 2586 1266 4381 3093 2271 6742 
1937 657 1121 776 2202 958 3115 2316 3826 3269 4313 
1672 1571 1619 477 2446 2723 866 3842 1178 3923 4522 
5093 1749 1698 2260 2090 2087 1344 1587 5707 4555 4076 
2499 2639 1430 977 3307 1910 1137 2388 2016 3657 1990 
5981 2816 1113 1491 1960 1244 1655 2069 3067 2152 3836 
828 1738 1771 1334 775 1609 1106 1387 2204 2479 4576 
5214 878 1649 1356 511 1938 1186 3077 2766 3013 4175 
2717 5375 3718 1641 1218 539 1257 1169 1013 2808 5462 
1487 1516 860 1158 615 2061 1965 1916 2310 3357 4427 
1892 526 2067 2130 958 1743 3367 1252 1801 1730 4286 
2067 2648 992 1369 2072 1123 1437 3329 2194 4121 4884 
3033 1509 1484 1619 3253 1732 1633 2004 3939 3353 5132 
5680 4022 1274 1858 1085 1325 998 2129 2996 3283 4847 
3178 1332 1546 835 3133 893 1797 2189 2098 3123 6478 
3520 2007 749 1122 1687 1490 1858 1940 2587 2588 3817 
3461 1110 1123 626 2402 2292 2477 1584 7607 2778 3512 
2518 1774 1101 1603 1345 865 1663 3787 1409 4668 2491 
3384 2072 1292 909 1382 778 546 2472 4767 3092 5527 
6807 1792 373 1782 4850 827 2719 2960 3626 3829 7118 
4068 4323 724 2787 749 951 1929 1000 2014 2964 4210 
1398 2791 2341 830 1445 2001 1457 6082 2927 4761 5529 
6045 3400 1602 903 546 2349 1027 1823 2091 3144 5673 
2611 636 869 955 372 1879 1769 1599 3336 2350 10351 
3178 1258 2055 1645 2846 929 465 2511 2620 1709 12385 
2425 519 2301 965 1176 1123 1420 1145 2768 3383 3583 
1097 2037 3041 800 1226 1354 1323 3332 2112 2451 6337 
1311 2451 1637 2373 1157 1592 1137 2024 1920 2882 2881 
6722 1248 774 2767 633 4649 904 1993 2670 2159 9277 
445 1694 775 1149 1550 890 1822 1336 3752 3593 4602 
4196 1146 585 898 1681 1003 768 1141 2782 2799 4173 
2234 1072 2273 968 455 1768 1115 1908 1888 4175 8636 
2062 1336 1242 810 865 1408 1507 2245 2457 4634 4271 
6790 1381 1346 462 1170 2648 605 3295 3417 5415 8659 
2743 2051 957 815 1367 1250 3751 517 3814 4217 5065 
3909 3056 746 2302 1788 1984 4527 5377 2346 2136 7627 
4060 1871 1720 2508 1264 3984 1748 2338 2160 1372 5654 
1260 1715 4394 1504 1277 2400 912 937 2104 3990 3247 
4541 6195 4741 1794 2100 897 2313 1785 1620 6062 6101 
6760 1176 921 3622 817 1102 1785 2663 2849 2341 2619 
5706 2555 2051 439 1512 892 1825 2105 1656 7639 3319 
4641 1997 1091 1706 1210 2567 789 1515 4672 6278 6285 
4829 1422 621 1469 934 1747 1321 1347 1641 4824 2934 
4239 667 1826 624 1000 1271 3078 558 1464 3098 4294 
6778 2106 1711 1558 1275 2027 2153 2379 2653 1698 5513 
4747 1606 1682 712 658 2097 941 2067 2720 3635 4144 
5210 484 862 1483 3515 1465 2247 2566 3509 2155 1940 
5026 1309 2120 1318 2021 1381 1398 1132 1720 4978 2949 
864 1007 1655 1694 1113 1995 2719 1353 2434 3974 4966 
5598 1697 1698 608 736 762 2012 2380 2450 4851 12285 
2443 2958 2827 899 1134 1021 1338 1393 1084 4345 5188 
2251 1611 3427 1224 1412 2142 1820 2421 1543 3898 5098 
3442 774 412 1907 2428 3717 780 3404 3340 1963 6111 
1938 928 2722 3269 401 1162 859 2436 1312 1543 2682 
1308 2101 1730 276 867 1711 517 2480 3724 2402 8475 
4921 3658 2050 1479 786 1116 2834 4300 3192 2402 5194 
3385 3762 1920 1582 858 920 1182 3765 3057 2472 2965 
1606 1838 1168 501 963 1120 1220 1379 3267 6254 6367 
3763 977 1486 1099 2373 918 2898 1934 1681 2904 7030 
4400 703 1874 1916 1081 766 732 2210 2036 2263 3066 
4540 3642 2644 751 842 1180 2006 2152 2138 5639 4741 
1230 1429 2234 961 1644 686 1218 1665 1506 4656 7601 
3591 1272 1262 1527 679 842 1872 2379 1772 6724 5110 
3228 2011 4134 2153 1225 1985 1276 1807 1877 3924 13431 
1334 4345 1987 929 1229 861 979 831 1058 1485 9578 
1879 1102 1781 1068 1155 2528 2494 2105 1207 5161 6982 
2649 2109 772 1238 1589 2163 1208 1075 1668 2765 4065 
3317 814 2489 561 742 1830 3990 2439 2313 4376 8036 
2219 1787 1248 3042 814 1091 737 1681 2902 4542 5445 
6698 8154 664 1476 1684 918 2393 1748 5876 2059 6270 
1578 1398 3282 921 2132 685 2238 2004 2283 4228 6815 
4619 1008 1771 736 841 1155 2134 4615 1229 4338 3847 
4022 821 820 1217 449 3957 2130 3910 3423 7332 3707 
1668 1484 2529 1221 2799 1211 2463 1802 3257 3759 6308 
4601 2152 1359 1289 2016 1765 1045 2862 1719 4797 4130 
3377 2157 905 650 1335 1298 2767 1558 2193 3853 3919 
4925 2249 823 1694 1944 3498 878 1856 3172 3015 11567 
4792 2068 1964 1989 3177 1307 1285 2576 2372 2037 6594 
2066 1445 1856 993 1042 1575 1749 1787 1491 2414 3262 
1339 3171 1333 1433 2081 2163 1207 1532 2517 4780 5680 
653 1399 2839 1752 840 2772 1778 2130 1101 1974 4770 
3807 678 962 547 1120 1179 2092 4686 1001 2245 7333 
3104 2114 1166 1228 1141 1013 296 1639 2348 4827 4054 
1733 1639 2281 2006 1204 1425 900 4663 4298 3951 1816 
3864 1617 1087 1425 2455 2951 889 1852 3095 3026 5839 
2947 1943 1257 1412 1012 2371 1688 2833 2267 3581 7071 
3692 1347 1421 1243 761 1345 1796 1041 4163 2842 2987 
4592 880 1958 1227 1009 1144 972 870 4693 2963 4213 
1813 2853 2514 1120 716 2547 2938 916 3324 2265 5688 
2197 888 901 807 1279 1011 1160 1781 2112 3129 4526 
2351 1305 2207 1725 391 2716 3202 1505 2962 2620 7045 
2381 1199 3386 2187 1517 729 1174 1712 1141 1629 3167 
2673 2255 902 1022 391 1530 1031 1658 2716 4629 5389 
1896 1552 1753 1256 1975 954 1036 1350 2707 3247 5217 
2347 2504 464 1897 481 4826 1339 2889 3576 4549 4289 
1249 1972 2861 1069 1282 2072 1083 676 2170 2686 8212 
6708 5586 911 1252 1395 3236 2535 3766 2644 7900 3434 
4178 1919 609 1829 1001 2605 2580 1481 3332 1885 3263 
4188 3181 793 928 2662 563 2380 1483 6627 6176 6798 
1469 3138 2223 1090 2079 2086 1309 3177 1742 4470 4037 
3182 1131 771 2789 1605 1615 1192 1834 3484 1986 11197 
1915 1918 1173 725 1656 968 2932 1677 2022 6754 4068 
6737 2530 3391 2070 752 797 820 1387 3632 4402 4045 
6653 1029 2070 3350 1032 1786 3315 2085 1758 3784 5231 
3473 3116 2053 922 501 2330 1998 778 2901 2274 3894 
6631 963 1419 1163 2392 1138 1408 1451 1607 2359 9032 
3489 3068 3719 1803 555 986 2195 2558 5971 2930 3091 
1487 1369 636 925 866 2136 2150 902 1705 4373 10274 
6757 1956 1664 2049 1322 773 1817 1773 2792 2867 8663 
1935 2619 1091 1671 2628 1479 1501 4356 3202 4093 5303 
4897 3265 3938 1053 1360 671 2065 2396 4390 3193 3289 
6731 1569 947 1539 1341 408 1347 2390 2222 4194 5384 
2597 5209 844 1338 1128 1029 2434 2310 4527 2645 3517 
2467 3493 762 1264 1054 1346 1559 1271 4015 4799 4093 
4120 3338 2552 1835 1689 1169 2752 1308 3886 8287 4330 
3603 5917 2526 1569 660 1730 2317 3203 1703 4961 4451 
2844 1587 780 883 1288 1029 1634 1605 3897 2792 4185 
4852 752 940 1319 771 1230 1837 1980 4508 4191 5388 
2090 1027 576 1253 1774 1583 2291 4952 3960 2152 1954 
4984 4546 1885 561 1213 3708 895 1814 2317 2421 6173 
3417 2337 3699 1272 959 1108 1389 1462 9301 5132 6096 
4503 2920 506 985 1971 1204 1603 1373 2489 3409 7119 
2241 3554 1096 1388 3136 857 2234 2443 1374 4619 5383 
3030 2394 2360 1153 710 2398 1514 1575 2966 6447 4568 
1127 2094 710 1451 1268 2192 1607 847 2321 2362 5449 
1524 2297 1424 549 649 1997 1179 1279 5627 6177 3576 
4708 1073 1222 4381 1225 2334 2377 1325 1228 2082 5215 
1254 2885 1583 892 1662 1280 952 5237 2630 2615 13078 
1454 3079 689 1472 1482 1070 1115 1039 1006 8020 4595 
2401 3993 470 781 646 2174 1008 3191 2049 4687 9446 
3394 2675 1540 2066 2025 1019 2233 2621 2476 4356 4130 
1517 1245 1127 1203 1730 1811 1426 1568 3462 8208 5541 
6682 676 785 1497 598 4234 1375 4865 2116 3546 2567 
2962 1672 1287 1232 2528 1006 2711 1622 2149 2512 4439 
6791 3864 1254 566 1286 768 1176 1220 2087 2374 7360 
2800 692 688 343 2574 782 733 3218 4361 2943 6854 
2059 1998 1837 1014 3220 982 2626 1177 2982 6001 2555 
2794 2599 1372 1405 946 3672 1323 1037 1561 2163 3130 
3140 1410 654 2499 1383 1463 2153 1473 2259 4760 11778 
2297 1501 2154 445 2272 1627 4137 2023 2546 3423 3688 
1174 1984 504 733 2123 419 932 1590 3962 3868 8920 
1381 850 1311 1013 990 732 1536 1329 6079 5597 5494 
4831 2388 1654 1399 805 1300 1726 2290 2792 1246 4293 
3109 2146 1670 835 754 2216 2839 1455 4086 3185 7204 
3331 6008 793 471 618 608 1721 2035 1380 2973 4194 
3108 1667 708 1411 761 468 873 2333 3081 2921 2233 
3043 1961 567 1124 584 2361 805 4987 897 5406 9096 
6872 744 1330 704 2798 974 2163 1567 1919 1492 6643 
1273 2144 967 1261 1356 863 860 5289 1851 3815 3883 
4101 1214 3375 1903 1722 1094 1179 2727 4511 10853 8299 
2574 1500 457 1365 664 1480 726 3091 2438 7717 3281 
1747 1584 1582 1964 419 2011 4276 3875 1605 3286 7766 
2873 1953 951 2006 1126 1563 1995 3570 3015 2959 1851 
1211 2067 1671 1845 2574 1045 1366 1746 4917 4304 5747 
1302 2534 2463 856 783 1803 2859 1636 3502 6345 5040 
2756 1468 1943 2039 1028 988 2797 855 1805 2949 8786 
6866 2424 1295 1079 2860 2120 1214 1977 4101 1685 15205 
5045 2175 1102 1182 1233 930 1480 1514 3402 4055 6647 
1775 3497 711 1366 1206 1926 3422 3304 6529 2058 4910 
5411 6021 2157 1194 504 1446 2032 3591 3500 3742 6877 
1479 1915 3744 823 716 2373 2212 2702 1583 3935 3808 
2765 1197 1255 1852 1312 1131 2226 1563 3526 3986 6040 
1624 1833 2262 1118 1009 2138 992 1035 2358 3246 13737 
961 1513 631 1118 1566 421 2193 2275 2489 3082 4084 
3146 1586 1294 1285 2567 1534 3811 2226 2224 1560 4604 
4319 1545 777 3232 1013 990 3530 3318 2368 3717 5965 
6748 1251 1404 2068 663 1275 1735 1981 10524 5762 10670 
1860 2288 1932 493 326 829 833 3673 2655 2012 3990 
2841 864 1865 2118 800 524 2417 2082 3356 3568 7341 
6770 2467 1467 940 1157 594 1222 957 5095 2457 6278 
2118 709 973 2373 2755 729 965 1692 3001 2804 6894 
1269 2976 742 4155 1059 1042 2209 2746 4645 4053 11131 
1734 3272 1215 477 3102 2280 1750 4506 1791 2988 7651 
3704 893 1589 3528 794 1399 2713 3401 4670 2391 6063 
2953 1087 2430 1480 789 1749 2193 619 2710 5261 3607 
6628 1284 663 667 1336 1081 1387 970 1751 4795 7442 
2238 1935 1485 881 1900 567 2166 1509 5372 6059 6446 
1831 2880 568 856 1047 882 2650 2146 2655 4239 4295 
2448 2474 815 1787 2032 858 3915 2461 1882 6829 8245 
6721 8262 2489 704 769 920 2497 1036 3246 5919 2003 
1373 970 987 684 2126 1918 749 2175 1485 3441 7466 
4831 988 2851 1659 1125 955 964 1562 3128 2806 2941 
3127 2746 1504 1392 1367 2695 3114 2249 1733 2794 3400 
5231 1939 2864 1114 1005 512 1045 2844 2468 2489 6240 
3579 848 683 1029 945 1723 929 1435 2687 6709 7774 
3182 1384 940 1166 572 1403 1555 886 1112 5514 3084 
2423 378 2297 2130 1197 418 3213 3019 1754 5637 7704 
2541 536 718 880 1421 608 1678 5764 2938 4391 4733 
4479 1448 1621 719 2201 2097 720 2394 1431 4902 16292 
3187 1899 1971 742 943 738 1343 1505 2996 2447 2341 
1002 1372 2318 1178 3090 981 2033 1843 1934 2802 1636 
2717 1123 1718 1019 1063 1087 1286 1706 1116 3674 4217 
3997 2691 1468 587 1635 838 1623 2742 5505 4381 6149 
1307 4719 892 3081 2608 1112 809 726 2959 3229 4631 
6897 789 1472 1061 2422 1998 1786 1943 4383 2244 5082 
6853 1926 851 1656 2831 1851 1045 2043 2792 1529 4580 
1445 1225 1066 2462 465 1078 1900 1071 2527 6431 6271 
4329 479 1787 1273 817 2110 1740 6332 1201 4484 6064 
1447 5949 1568 442 808 1020 3056 2421 3349 3757 6035 
3558 2563 1652 1493 1503 2939 1150 2360 2018 3465 7732 
4832 1926 952 1899 966 1794 1740 1993 2109 4113 7705 
2754 1633 1703 1164 901 2291 2506 1823 4801 4604 3716 
1052 1483 1682 753 1120 2530 1984 3816 1587 2802 6010 
4403 1303 1628 991 834 701 1410 1144 5395 2910 9827 
1005 1647 799 1612 2927 1735 2007 1307 2807 3839 4738 
5293 793 809 1986 661 1627 1510 1936 2411 4871 7627 
2810 3050 2152 1108 404 2035 1396 2901 6826 6694 5768 
2211 3612 3261 1949 1946 1046 2345 1370 2846 4061 8981 
1773 2317 827 1463 2453 1597 2471 1049 1324 2346 3606 
4298 1609 1293 1180 1535 1647 870 2039 1682 2404 6231 
6312 726 1613 1990 2635 2328 1692 1736 2852 4041 2944 
6749 1372 1005 2473 893 1607 2221 2379 5665 6564 6816 
2340 1585 2701 1668 444 1688 1727 2120 3736 4973 3562 
2745 2727 1743 1293 962 1008 1934 1998 3399 1800 2979 
967 1223 366 456 3267 4203 2953 1644 3577 4079 2347 
5296 1194 1600 1133 1056 4207 730 1757 2395 2817 2792 
3726 1671 1138 1869 1111 1317 1776 2011 2255 5164 8677 
3989 2264 1293 1095 1699 1610 1581 3385 2993 3568 4767 
2683 1653 725 1269 851 900 956 1449 1939 4391 5999 
2130 2313 942 932 1568 1782 2261 1663 1807 4271 3073 
1213 3782 1443 991 1475 1003 1593 5313 4183 6218 6465 
6232 1826 1858 1057 823 1367 4838 2077 4911 3339 10705 
3200 842 1253 310 1339 740 1515 2921 4269 2997 7246 
1875 1233 1624 2123 989 1226 2722 3137 2571 1679 5116 
1105 2737 1109 1803 877 2352 1834 2605 4081 4534 2765 
2703 1775 779 1112 929 815 1916 1484 4154 5540 8575 
6761 1637 1155 477 1238 1411 1429 1248 5635 6791 4793 
3484 2781 886 622 1152 1394 1536 1356 6238 2173 5855 
6743 2901 695 319 883 533 1949 1553 1907 3183 9588 
3932 3487 842 1248 1165 826 912 4707 2624 2543 8177 
4139 2652 570 2638 1797 3427 1329 2915 2713 4675 8371 
4814 1609 388 734 1542 1368 885 2114 5037 3498 3229 
2615 1714 2113 752 1189 2546 388 745 1445 5226 6229 
1972 1762 1804 1812 1401 1209 2097 1578 2475 5921 10218 
3679 4328 1678 2379 971 1762 646 1078 1922 3091 4357 
3004 1893 1052 871 1280 1056 2864 1178 2005 3037 5032 
1656 1412 1651 1668 836 508 1902 3572 1999 5104 4680 
2085 1417 1401 1049 1062 1139 906 1651 1710 3782 5805 
5698 3714 869 2231 1272 2541 1013 1258 1992 4027 3718 
4697 1809 3283 537 2733 943 1639 1127 1428 8998 9874 
4032 1366 789 734 1207 1268 2011 1742 2563 1418 5778 
2338 3178 2118 1871 3574 1648 1514 2276 2489 2873 3826 
3099 857 720 1929 582 1305 1347 2878 1615 1931 5168 
2581 1086 1061 1356 717 1376 1575 4266 2842 2226 5491 
3417 1301 1655 2501 508 1276 670 1338 2295 7794 7823 
3832 1336 375 861 2431 1779 2428 1747 2421 2672 5201 
2217 805 2898 1814 1132 1700 1219 1766 5268 1512 3974 
5719 4128 1615 646 1489 1341 654 2025 4059 2517 5876 
1033 1511 2288 1518 1252 1058 1582 2538 1739 4351 5505 
4378 1773 1898 649 1353 1809 2277 940 4521 1812 6207 
1962 1386 2738 1063 1937 514 940 1375 4258 1786 4935 
2760 3710 1557 941 762 2259 1082 1673 2433 7218 4620 
779 904 1194 1292 1816 2151 839 3411 4465 4717 9862 
1460 1547 1196 828 715 1308 604 1907 2042 3991 3769 
1487 2870 1903 1494 4214 1845 2377 1853 3132 2198 5673 
3466 1178 1349 615 2047 2938 1410 3423 2091 4505 6900 
2232 3225 1564 581 1346 1653 919 925 2594 1140 8243 
3959 1919 1559 1251 851 745 4443 1551 4827 2201 7425 
1800 2662 1528 559 1322 1166 2104 2444 4940 8958 4563 
5170 1586 1578 1251 1751 1588 2101 4733 2571 2381 4100 
6758 1566 2390 717 618 912 1072 2049 2697 1900 3616 
1621 782 496 693 754 2486 1837 1410 2876 3106 8252 
3961 1346 2812 890 3733 1584 2816 1202 2439 3174 6041 
4284 1146 994 1015 901 1876 909 2669 1726 2269 4631 
2257 1247 2442 2310 1666 1277 977 3169 2147 2940 4991 
2322 2241 1928 1026 843 2218 947 1252 3779 2057 6731 
2424 2607 1348 5240 944 1338 1851 1244 2982 4517 4407 
6725 5133 1528 1249 908 2475 947 1684 2846 3209 6951 
2348 2525 870 2506 768 1131 1279 2201 1095 4949 4553 
1766 1388 984 799 2143 341 1312 1768 4485 4185 2757 
2273 1528 692 3154 1696 1087 1517 1320 4821 3570 6740 
2001 1944 2398 850 3769 1562 2925 1495 5248 4048 3728 
2164 1817 251 994 935 2483 1778 1116 3453 2282 5302 
1928 1526 2995 1199 1088 715 2391 1376 2901 1121 8063 
2440 2317 3864 982 1198 1453 2330 1829 4823 1896 6744 
3437 2619 1937 909 1193 2727 862 1327 3011 2737 5877 
2182 1697 1679 527 916 1125 624 1659 1356 2623 3452 
2400 3149 1032 487 672 1853 910 1583 1489 1529 3540 
1361 1585 1672 1893 1609 3115 973 3246 2793 4848 2858 
6696 1990 596 1236 2282 2510 1806 1757 5587 2762 3057 
1882 4128 1530 1008 580 817 395 1805 2683 5653 3148 
3098 1539 1633 2705 919 1511 1507 1690 1007 4977 3053 
1422 2140 555 525 879 1205 5188 856 2658 3291 2191 
3103 286 1629 1042 1058 1421 1710 3592 2632 4143 4602 
1527 1850 1858 1444 1200 2071 914 758 2275 3086 5562 
2746 2058 1230 2406 1174 2870 858 1318 1605 1848 5296 
6224 7055 2312 1819 1004 1657 3646 1037 2809 7320 3346 
2672 486 2332 1386 2437 1287 2669 1661 1904 4997 3395 
3988 1845 1811 1109 1344 1044 665 1042 2602 6631 3011 
5337 830 1874 1031 2482 2148 2146 3406 3950 3514 6181 
6769 1810 1713 1850 3820 648 1482 3234 3928 5675 5029 
2574 944 2189 2601 1460 1371 2066 5671 4662 3137 6844 
4599 4539 1627 1257 1261 1798 1522 1996 3303 2290 6059 
1920 3110 1880 679 1023 553 2976 2944 5211 1439 3183 
1456 1494 2183 655 782 1303 2521 818 3794 5915 7009 
3794 3135 2238 1451 1050 1523 1033 1280 1596 4188 3435 
3209 967 1749 1733 1623 2051 1363 872 3927 5757 4128 
3971 555 3042 768 1085 600 907 2262 2028 2644 8771 
2685 1082 2109 1213 1541 2865 1038 1765 1473 7341 7555 
3444 1518 2053 845 2362 2507 811 1557 2473 4604 4572 
1393 1831 1614 1226 1154 1918 1354 1257 2030 4849 2728 
1174 1618 1810 1243 1024 1359 1030 1807 2322 7760 10700 
4692 1947 3333 1633 1114 567 1734 1467 5627 2986 5436 
1075 860 1084 1613 680 601 1984 1839 2641 4444 3987 
3626 1441 1184 746 1364 855 894 1803 2181 3455 3477 
2156 1611 722 1704 614 884 722 1728 2650 1947 5719 
1487 1746 332 1368 1135 1372 1771 1893 4893 4972 5601 
4344 1412 1073 1530 751 2997 2552 1051 1608 2320 8082 
1434 1183 959 1411 6510 617 1053 2114 2918 5561 6795 
1489 859 645 1153 1268 1051 3111 1371 1844 6529 3732 
3765 750 886 443 954 1699 1956 1184 1690 2925 6328 
2645 1774 1365 1968 2756 789 2294 1941 2477 2643 6131 
2331 4704 1058 1524 1545 964 1162 2970 1614 5478 7067 
4894 1729 1684 1323 924 926 3446 2382 1535 5003 7387 
2936 3736 578 2048 743 1170 1185 2417 2908 3475 2647 
2048 2457 1817 2102 887 1673 1700 1141 3290 4584 5222 
2197 1257 1347 702 3036 1069 1283 2278 2964 8425 3413 
1252 1788 2694 1441 1339 802 1922 743 2281 2637 4934 
2848 2022 1322 1051 1774 1845 1429 3432 3410 2277 6555 
1662 2106 951 1060 2058 1414 1369 704 1746 1862 5550 
6676 6376 1122 2801 1697 1614 768 1839 2875 2674 4241 
6682 822 1531 718 1358 1253 2380 1422 4654 4470 2224 
1756 3824 2814 647 1055 1123 1954 2670 1560 3764 5676 
2923 1788 1987 561 360 2604 2513 1832 1678 4559 6364 
2491 1412 1668 1088 2192 1436 2974 2422 831 4500 2894 
2105 1820 671 434 1717 1187 1684 1717 2445 6810 4909 
3587 1652 983 6133 1716 1788 1517 2961 3448 3552 4104 
2629 1505 2317 3539 1783 1116 4499 3854 1815 7284 7018 
4130 2521 1968 2018 588 614 672 1687 5608 5730 4529 
2153 1209 838 579 593 1831 2543 3663 3258 3891 4643 
3458 2523 2073 2533 1870 2093 962 2178 1044 3305 5968 
636 722 888 1200 1446 1596 1007 2376 1799 2910 5038 
3569 2106 1172 2280 662 1605 1517 3578 4568 2541 7403 
2884 2217 516 3831 1197 755 4205 1671 2031 2540 4762 
5040 1364 1054 1789 1095 861 455 1332 1461 3239 5937 
2650 761 1057 723 496 523 1731 2560 1247 3088 6349 
3183 5770 1190 1763 969 1469 3240 4062 3402 4265 5652 
3127 3565 1167 1809 1013 949 1334 2611 2827 6320 4412 
6863 2123 891 1548 1437 1259 1260 1467 4311 5958 6522 
6785 948 1476 685 1199 1651 1108 2166 3056 3929 9796 
3614 2461 1947 3974 723 1597 2058 956 1491 2453 4484 
5744 3120 1614 1175 876 2315 1987 2553 4208 5171 4901 
2792 533 1860 1028 2652 581 973 4677 1926 4240 7887 
2042 953 838 1079 2353 3273 2767 2552 2900 6553 6318 
1503 2139 1410 667 1463 748 946 2912 3655 3195 15180 
3326 1962 1010 1732 2086 1463 602 3335 4515 4316 4513 
2079 1312 1928 1504 2563 1961 1455 4442 1594 4561 9477 
1629 2541 2105 1026 1180 1023 1371 2110 2884 6776 11878 
4349 5435 796 1537 2719 1826 1229 1179 1244 3720 3755 
4116 843 1681 740 1536 700 4150 1562 3083 3842 6960 
1777 3466 603 985 607 2375 2371 2633 3035 2470 2341 
2041 3964 2736 2102 645 1190 523 1518 3208 2330 7939 
1575 2223 3700 582 1163 2307 1528 3045 2262 2088 3646 
2479 5299 1767 1321 1784 734 866 1745 10177 3859 4304 
5881 1586 1341 1092 997 1929 719 1364 2881 1835 5218 
2296 1422 607 1447 1700 2195 1210 2938 3203 5893 4581 
1460 2000 1058 716 2331 946 2544 1142 6408 4422 9598 
1880 3858 2239 1171 1231 1491 1730 3242 2646 3759 8006 
3325 2164 1399 718 2194 2348 891 1773 3346 2004 4813 
2848 1693 2710 1775 1693 1636 776 1044 1446 4136 4654 
4088 1156 1767 690 1008 838 922 3137 2693 2871 14694 
3717 7322 1895 2357 670 1167 1312 1136 2015 2003 8093 
2979 1927 1521 1337 1650 2990 925 2423 2098 2318 10884 
2261 3041 1001 1952 1338 4363 2436 1676 7338 4424 3650 
3525 1038 1105 2812 4387 2460 3265 3632 5142 6827 5855 
3046 1175 1684 936 2048 973 2113 1646 1767 2388 4294 
4318 1011 790 721 1079 1279 648 1918 6407 6074 4386 
3374 1574 1448 1312 889 717 3461 2592 2019 3421 4484 
2564 4732 1545 1989 1504 2235 1425 1232 2658 4917 14571 
2197 2416 1321 1317 1882 1960 1192 1386 689 2575 4479 
4055 671 1755 1046 1701 1659 868 2854 4034 3372 8783 
6317 1356 616 996 1206 1761 2216 3122 2162 8021 6587 
2009 1353 1988 2294 2419 2462 975 1696 2346 4446 10390 
5942 2054 592 3492 2205 1494 1201 1237 2489 2582 9221 
4503 1114 1520 891 794 1076 2042 1706 1000 2088 3488 
3274 4011 1241 1530 1092 1590 1275 1485 3040 2694 2983 
2740 2772 1638 839 952 2177 822 1489 3951 2114 2617 
5694 2152 1380 1342 1008 785 1583 1698 3489 4166 2959 
2749 583 1011 525 857 1329 1348 2356 6181 2923 3212 
2220 2280 1489 1203 420 1610 1702 1007 4386 3586 8593 
2961 1415 1910 905 513 967 848 2005 3819 5617 6898 
3189 1727 6328 1088 1200 858 2811 1588 2151 3134 8605 
1918 5114 1122 1700 978 1311 1569 1409 3585 2161 11330 
6025 2005 1203 2704 1168 420 1375 1803 2753 7235 5202 
2125 2629 830 2086 1963 2530 1386 1185 2734 3622 4100 
3845 2216 734 2648 391 1396 652 1955 2036 3131 12012 
2754 2676 1398 2547 760 911 815 1254 1149 2158 16854 
5384 2312 2671 1637 1009 945 1123 3752 2564 4534 3997 
1352 2471 1755 777 2765 1673 2301 1872 3552 2305 9540 
6759 1963 386 378 1128 1090 2091 1703 6290 3470 4913 
3610 2201 2133 1538 2183 1511 2383 4322 5163 3848 5697 
4108 1430 2413 1852 683 4453 978 1881 1909 4225 4373 
2025 1388 1297 1953 2350 944 1278 2455 3087 2840 5072 
878 3718 2143 1466 1611 852 938 1686 2820 1584 1746 
2420 2327 1441 1463 1832 1115 3686 3786 2994 3355 6189 
2308 1341 645 658 1697 1251 2944 3252 2490 4353 8566 
1594 4997 2124 1129 1324 2289 1646 2778 1644 3036 8662 
2533 6122 1439 969 1565 1419 1663 951 2782 3936 2960 
1732 1201 3648 1056 1137 655 1536 2033 2089 1945 2215 
1929 1417 989 1614 1215 2268 2655 1627 3305 8543 5033 
3486 3467 1685 1727 1413 2242 724 2542 3198 3519 12748 
3417 1284 1145 744 1138 1250 2903 2341 6295 4842 4888 
2219 3241 1940 1956 1572 2279 2137 3307 2439 4312 3049 
1879 984 2898 2937 1033 893 1174 1326 2547 3082 6262 
6085 1624 2265 870 1405 1956 1325 1458 2029 4532 2392 
1135 2110 922 936 642 1236 1964 2248 2188 2175 3914 
2635 3313 703 1033 1776 765 1097 2251 2774 8906 3472 
6740 5283 1102 1128 1194 2115 5359 1686 2337 3529 6438 
1364 1052 3669 554 3580 1383 752 2049 2098 2801 9221 
2884 2815 6831 1837 901 1314 1809 3119 3783 5370 3645 
1404 433 2839 755 2153 2368 757 1565 2700 5993 8869 
2184 3278 3639 1882 762 2332 1570 1451 3884 3965 5420 
3582 1593 1595 3437 761 1961 1040 3082 3049 3681 8070 
1476 1088 1659 757 1528 1784 987 4056 2174 4283 6935 
2052 1277 1879 1979 887 754 1924 2861 2589 8667 3407 
4621 1001 1461 1752 1752 436 940 2448 2138 2526 9150 
2722 2819 1988 2754 1046 1061 1332 2522 1132 6839 5573 
2356 1038 943 1696 2241 900 587 1538 2340 5826 6354 
6873 2014 4566 1212 803 1224 1816 2126 2454 3317 3207 
5912 2023 610 3305 2007 1062 1222 636 4913 3118 4241 
4283 1489 2390 541 750 1330 2783 1675 1420 5089 7898 
6674 5239 1774 2166 790 1263 1069 1728 1366 6352 3825 
2758 2327 445 2069 1276 3520 432 1556 5706 5811 3896 
5051 1708 1600 1411 932 2433 1271 2028 1874 1772 8138 
4277 2070 1267 1109 1640 3464 779 2766 8271 3721 5530 
6788 2332 1881 1921 1869 2918 2549 2815 1918 6016 3048 
1978 800 1011 1773 515 1599 1540 2197 2681 5852 6181 
4088 2432 1828 927 2333 576 1549 2675 1404 3303 5886 
5610 2418 1688 2052 1320 1873 1607 2480 7746 2865 4969 
1630 734 1796 2260 1179 547 1151 1205 950 2752 2909 
4132 951 3096 1278 1778 1376 1236 2921 3790 3127 13021 
5602 1084 1832 1034 565 2190 785 4078 2697 2765 2392 
3888 1240 1339 1608 1904 2376 1875 1340 1745 2029 3794 
1597 2578 2393 651 542 3456 993 675 1544 2604 4179 
3344 1823 3283 940 1321 852 1612 1003 1748 6070 8609 
3153 677 573 2122 572 2567 3061 2435 3433 4089 2369 
4895 503 2527 2566 1023 1028 874 1820 3548 2462 7083 
1938 3522 1473 964 726 1665 2288 2196 2457 5812 2704 
799 1074 525 2563 301 1133 1258 1775 1069 3725 8246 
3863 1214 572 2095 387 1258 2742 3606 2609 3960 4553 
2664 2970 1904 1846 385 1663 938 2696 2817 1977 5031 
2158 1304 1523 1115 1138 1103 2954 2852 4408 4876 5840 
1974 3828 1269 2504 2194 2706 2415 2059 6381 4428 6556 
3705 4401 1356 1265 1490 865 3232 2104 1800 14614 3712 
3810 827 434 2592 859 2123 1758 1595 1558 2964 6879 
5566 1560 1526 710 2127 2290 1034 1901 5116 2973 9078 
1890 1022 1051 1780 779 1507 1260 1819 2116 7023 4500 
2487 1008 1393 619 1401 625 922 2033 5051 3467 5561 
1901 2853 1842 1954 2643 1685 2079 1600 5860 2756 3774 
3952 1235 5482 1330 739 1418 1111 2098 4865 979 6293 
4171 1958 1822 993 581 2687 1220 3100 2041 1967 1712 
2376 2750 2013 1018 1317 1673 545 1542 3769 8400 2747 
2178 1567 1860 829 3955 1062 866 2538 2847 5425 5553 
1802 2207 1440 707 787 3199 1416 1874 3988 3404 3923 
2120 1616 1076 704 1976 1209 1838 1312 1683 2305 4835 
2000 1888 435 2817 1077 690 1376 4563 2638 3714 4624 
5802 905 1376 601 869 1260 1251 2205 2099 3185 3148 
1459 2628 800 1505 669 1270 1738 1637 4224 4128 3981 
3510 2561 978 765 660 1567 1898 1858 1565 6193 3279 
2025 1812 1636 1732 1525 1292 1574 4113 2813 1937 3706 
1844 661 936 2618 2466 2212 1566 2365 2993 2399 5801 
3670 1538 1772 1009 558 887 1422 2368 1786 4144 5292 
2220 1399 1282 1950 4276 1007 2301 3345 2888 4175 7221 
3290 611 1422 2272 910 1521 1435 1748 6049 2649 9133 
2036 4153 1067 2183 2251 1998 1823 761 2741 5853 4869 
2282 4919 1839 894 1286 1384 1473 1574 3690 3689 9122 
4028 1328 1818 1260 1757 2006 1063 1332 1631 2848 4343 
5923 2324 2217 3358 2577 1875 1492 3656 3988 2207 6049 
4641 1532 2677 1606 2471 1273 1983 1422 1966 2032 8467 
5815 3787 292 907 2017 1455 1422 4580 2303 2427 3338 
2563 3835 1656 1648 1743 1000 1568 1429 3500 3815 5016 
3101 2851 750 1666 4707 1331 1915 3111 1516 3990 4793 
1704 902 2112 872 1262 853 1439 1121 8377 5849 4380 
1671 1357 1593 1896 2699 835 1658 1518 1604 2269 7031 
6734 3767 1398 1030 3607 674 3046 1294 2284 5002 1323 
2541 5391 3484 915 2348 2466 1402 2626 1167 1963 2188 
2408 966 1660 1026 1285 1505 2577 5566 3639 7896 4238 
6055 1444 1429 549 1169 741 1246 1024 2038 2492 2856 
6700 1101 567 1757 3245 1279 1420 2565 5283 3282 6689 
2082 522 1282 824 1284 1640 2767 1236 1720 2470 3328 
2941 2356 1267 597 2017 2446 1497 2429 1806 3102 12597 
3181 2056 689 2996 615 1650 1712 3340 1938 2457 5250 
3335 2001 590 2790 2732 3209 3150 890 4451 3938 7196 
2982 1350 913 2387 2308 1382 701 2597 3131 8442 6257 
1261 1413 642 1177 1806 390 2126 1440 1612 3081 5775 
6119 2436 1241 1192 396 1557 2006 1332 3770 1832 7566 
4594 1551 460 689 1081 2036 1867 977 6922 3380 5706 
2315 2297 2002 1096 885 1324 1320 1885 1684 2750 3588 
4539 1253 773 1993 2227 1320 3297 1076 2518 3806 3807 
3519 1943 1618 1704 1055 1108 2010 2288 3330 6304 2979 
2995 1367 2162 2063 2859 1316 4063 1663 2976 3061 4002 
2468 2659 1035 1245 1785 702 732 2063 2747 2245 4120 
1892 1951 1111 5048 1246 1596 1524 887 3464 2234 6146 
2027 4566 2239 1206 1818 4373 1444 2230 3261 4935 9415 
1113 3302 1570 2468 2342 1744 1031 1391 2069 3225 4848 
2900 1306 2816 1638 903 2038 3505 1951 1643 5261 4612 
1348 615 1714 2396 528 999 1546 962 2426 5081 3379 
3662 1551 884 1602 1611 1923 1693 1748 3494 8734 7200 
3506 3792 1589 848 1601 1023 891 3454 1507 2328 5206 
3449 3594 1775 1122 642 1079 770 2079 2643 2426 10407 
3708 2493 836 859 1659 1021 1356 3833 1339 3800 13569 
5482 3380 845 558 454 1509 1738 3813 2530 2422 2566 
3718 1642 856 2686 888 1186 1531 1401 3698 2082 3049 
5253 2880 834 1368 1268 1517 2055 1002 4341 3126 4242 
6736 1998 1214 627 1042 3915 2329 2034 6115 1643 8537 
1820 2475 1200 863 1290 1051 1202 1567 1650 9549 8893 
1060 1823 2009 229 730 1924 3705 1137 5092 3032 4700 
2197 5446 1582 900 1646 812 993 2030 2105 2341 5976 
5235 3067 1454 1137 1019 861 1038 3712 3137 2757 3333 
2618 2598 916 2189 2008 2091 973 1360 4816 3033 7267 
6265 1656 1479 401 698 1114 1438 4530 2395 4530 5276 
1149 1297 720 2736 885 1811 2223 3161 3790 6504 11623 
1566 3137 1860 1627 419 710 1502 680 2199 4819 4279 
1954 6886 1648 936 1476 3128 3808 3592 2491 3056 3785 
6810 2047 963 1013 549 1205 803 3041 1561 5992 4643 
6783 4672 1079 1914 1332 1488 1454 1371 1761 5055 7100 
3876 2628 1933 1636 821 1256 1083 1386 1168 2430 5694 
2232 1440 2011 3790 1036 1857 1978 1702 897 2403 8761 
3183 1650 504 819 1145 1923 3384 2705 6162 5545 5128 
3275 1951 1108 768 1430 1586 883 1718 2150 5793 2744 
4695 2168 863 1911 1512 860 1864 3608 1269 2245 7092 
1090 868 2522 773 1159 1192 4339 1546 1731 2808 3965 
1773 2648 3784 1033 514 2458 3264 3070 3404 5045 11716 
995 1323 1556 4877 1863 1696 782 1986 4034 3460 5393 
1507 3783 2000 549 1499 2725 1407 1327 2643 3756 3918 
5478 1751 475 1072 519 1321 957 891 2440 6285 3376 
3991 1916 427 1747 2114 1581 3163 2296 2544 2169 3822 
4496 1882 2499 2729 2396 699 1810 1621 1934 3026 4861 
1196 2206 476 334 986 1688 1549 1910 5647 4351 2780 
3899 947 2722 532 2079 442 790 3230 1265 5179 5846 
2151 3469 759 550 3241 946 1141 3979 4315 2655 2632 
4249 3171 1430 658 996 792 3457 3220 1163 6415 3833 
1224 2356 3057 627 1671 723 1379 1661 2180 2966 2711 
3589 939 1090 1746 1198 2348 1303 1143 1469 4890 11184 
2056 5428 643 4150 1328 416 1534 2775 5198 2629 9379 
1435 1537 1365 1046 1772 736 3337 2449 2307 8202 3973 
3223 1465 3531 1124 1336 1608 2368 1194 8556 4685 4992 
2200 3368 1644 1834 3227 1778 1471 3696 5766 1294 10341 
3256 744 1119 1123 1401 3022 1776 2064 2419 3003 4132 
2388 2667 602 1130 2452 1627 2274 1800 1762 2033 3401 
5410 1764 1461 2585 1436 1212 2776 1038 4882 3120 6311 
1422 1643 1874 1621 1291 1526 3839 3382 2870 3476 5605 
1498 3542 1115 1458 2037 1495 1267 2442 1342 1705 5148 
5207 2074 941 1368 1347 762 1877 2104 9022 3734 2816 
6773 1222 1144 1712 1954 1356 961 3225 3105 4579 9251 
1520 3833 1093 1982 403 1634 2375 2116 3358 3074 5452 
5250 1279 1314 2780 2193 2017 1192 3953 2196 3047 6026 
6205 813 1037 1187 2069 1493 1490 1104 3484 3909 5748 
2586 3416 976 769 964 1076 918 1746 1650 4370 2708 
1944 1153 1996 1742 1590 1232 2437 1940 2366 3168 4217 
1053 1103 3264 656 4489 820 2533 1741 2991 2972 9763 
1442 1056 1935 1262 2659 1089 1852 867 1417 1689 4980 
1285 907 749 979 2173 1127 1728 3463 4481 3636 3425 
6855 1402 1099 1579 2189 1374 1432 2940 4212 1811 2100 
5313 3039 1178 812 1189 887 983 2636 3673 2039 2827 
3245 3223 1793 1956 3405 1297 1225 1507 3178 2235 7128 
2062 1712 2501 1050 1100 1565 2265 1413 2377 8596 1685 
6646 961 995 1185 1648 998 631 2182 3834 7971 7127 
4035 691 2383 1900 2308 974 1983 1965 997 3027 1630 
6012 1114 1595 2286 2132 1336 1654 3937 2362 4407 3429 
6712 1114 1280 4195 315 1586 1183 1943 3018 5067 4944 
864 1111 1014 1489 1117 1540 1159 2002 2163 8364 13224 
1068 3371 577 450 1196 1068 2803 2411 3644 2572 5957 
895 1666 948 1129 2817 709 1637 735 2182 1313 9293 
1448 3054 529 1241 1323 898 1323 2429 3540 2763 2671 
1764 712 1272 1344 2145 813 3154 1965 1277 3714 4793 
3518 2370 808 1556 3526 1124 886 1458 3464 5208 2704 
1479 2754 952 2179 740 654 1697 1679 1681 4257 3254 
5588 2336 1418 461 1637 1923 1274 1702 3134 3066 14915 
5422 2556 1608 2072 649 770 2584 2684 1836 2532 7354 
6709 2612 1319 1967 1771 964 5069 3562 5022 4374 4866 
1259 756 1603 1301 2389 663 1099 2017 3028 4495 6741 
4132 1530 690 978 761 1049 701 3366 2793 2651 8399 
1477 3844 1254 2250 838 2106 2101 975 1190 3838 6980 
3106 1109 4382 730 1528 2690 1611 2078 4186 2306 10864 
2365 1901 893 596 1336 2145 2228 1601 1113 3380 5798 
5213 2803 1804 265 1092 2044 1360 1650 3773 5479 5488 
773 3675 802 1207 1142 822 2200 886 2477 3932 7903 
1604 1889 2061 3479 605 2849 3051 1918 2755 3317 3684 
1838 3441 1047 673 1596 1825 1025 2517 2777 2318 3352 
3201 1057 1341 2633 1457 834 1566 2057 2779 2789 6352 
2217 3286 2320 603 1486 1931 2608 1127 2937 1928 5997 
2937 1979 643 3202 1062 1402 685 2243 1571 8032 3862 
3474 913 1706 2318 1287 587 733 1650 3397 4017 5279 
4374 1280 2314 1555 553 1318 1619 3293 2207 1218 3078 
1302 1084 402 1335 1132 1444 2650 1998 2347 3553 4908 
3011 2215 1330 1225 1026 3032 1800 1617 1520 2581 3309 
1988 1427 1694 2233 1087 1777 2951 2408 3875 3188 7298 
773 2117 806 966 944 531 2393 3034 2448 5731 3934 
4601 1031 1272 1427 1348 1981 1532 2191 3088 2245 4378 
3790 613 861 2550 1674 2921 1525 2149 2532 4563 3881 
5957 955 2111 727 1885 2423 1946 1950 6684 4894 5263 
1693 1645 543 954 2420 859 1362 3909 5264 3454 6034 
974 1853 2550 1011 753 539 988 1117 5951 1530 6145 
3155 899 1168 1163 812 1467 2868 1150 3423 2166 9298 
3022 1229 792 2897 398 1064 1726 3204 3465 4819 4076 
1926 936 402 3066 956 2293 2409 1469 2795 4699 2848 
2011 1384 993 606 3232 1611 1591 2058 3107 2363 8373 
1096 3081 1374 960 2783 967 910 1651 3892 9582 4569 
6877 734 1451 698 1156 2625 1155 2579 2690 3610 4072 
1231 2600 2032 1779 1218 2459 2384 1421 4964 2251 3051 
3383 2610 3044 1939 3042 976 1776 986 1636 4119 2253 
1530 2095 436 383 827 1310 1398 2050 2407 1993 4045 
6772 2856 766 1327 2899 1583 1498 1993 1757 2482 5606 
5285 665 1606 892 880 1173 918 633 1544 2280 2489 
5239 797 1803 1184 1943 1898 5033 3430 1977 5615 5946 
6790 375 3048 4560 631 675 1307 4035 1708 2588 4879 
1897 1558 1234 1283 2014 3434 4892 1843 2359 6425 4362 
3908 3934 1408 1052 1019 2358 767 1984 2963 5097 5460 
6739 2571 2502 610 1410 1421 1197 4018 2325 2869 6192 
1451 1931 743 785 1688 4189 1871 4771 3988 3210 4762 
2337 949 1368 530 1926 1978 2378 1590 2515 4810 5016 
1950 3389 1599 1195 1877 2583 1288 917 3184 4544 3037 
2933 891 1186 2109 1129 1572 1023 2187 2900 2602 3774 
2935 442 820 846 983 1457 411 1116 1511 3219 4874 
1603 2338 2322 986 1512 1737 1977 2142 1834 2159 3256 
1051 1958 1947 838 2112 2110 2281 2690 3460 2318 6762 
6740 3719 1602 1355 1224 1443 802 2943 2428 3792 6100 
5241 2285 1246 2704 2295 2141 493 2672 1309 6547 5809 
4472 1458 1414 1904 1041 2371 810 2380 2133 3930 7349 
1761 1791 1597 866 1000 2036 1241 2924 1305 4218 3777 
1522 1345 556 729 932 719 1389 5859 3045 5172 3782 
1771 1325 1698 644 563 712 1743 1936 3023 2383 4791 
5284 2144 1700 1894 3059 1655 1891 2929 2435 7022 5835 
3193 3088 1317 2207 1108 1629 1171 1817 2668 2010 5979 
3026 1042 344 893 1494 2287 1073 1739 1623 6243 3107 
5629 776 2024 962 704 997 1432 2093 771 3269 3712 
1359 1056 1362 3050 2205 7047 1443 1380 6332 4159 4584 
1122 358 857 2961 702 598 2238 1646 6048 2580 12569 
2224 2637 525 1085 2032 2310 5756 1064 5505 4802 11663 
6781 3474 1872 686 1205 1521 1400 1994 2299 3436 3925 
2088 381 737 1464 943 1286 1785 1205 5322 2867 4000 
2092 885 962 818 438 2497 1626 1300 2833 3201 7503 
2800 541 714 2557 1232 3801 1221 1285 2586 4118 9168 
2784 3520 630 2463 656 2936 1586 2619 1905 4553 11840 
3519 1333 2970 1126 1720 787 1783 2374 2872 3812 2505 
6738 1279 891 861 1688 1522 2353 2696 1741 2385 4206 
1053 722 1571 497 2406 1181 1350 1702 1174 1860 4787 
3428 1928 1288 2462 1727 1004 1559 1240 2355 3543 4804 
2426 1299 2228 1216 1258 540 1298 2247 1833 5308 6292 
2406 6449 773 1022 1794 1132 1768 900 5945 3266 2451 
2109 2242 958 2058 1181 1353 1399 2390 1118 1821 9860 
2687 772 429 810 1419 998 2404 1177 1745 7275 2520 
2257 784 527 1037 1019 1318 1557 4602 6397 1573 4480 
3467 2141 1736 2396 984 1897 1834 3039 2402 2434 3841 
4303 1792 1151 764 1048 1882 1804 1252 1315 5319 3931 
1897 2571 702 2260 1993 563 2342 935 2500 4388 5242 
2134 2952 720 1365 1059 666 1549 1707 2182 7866 4535 
2268 3354 3235 1380 1336 1866 900 2315 2846 3377 2956 
3549 2565 1190 1279 1143 950 4498 1588 1964 2417 8578 
978 2564 2954 2774 934 1260 541 3081 2031 3289 3602 
4613 1410 1051 1320 642 1061 922 1132 4742 3448 4621 
2521 1765 678 5019 1433 808 854 1915 4625 3036 5396 
3020 4223 1951 2986 863 1287 3118 2393 3142 2130 6037 
3559 943 761 717 1555 1232 2111 2076 3637 2099 7801 
2212 1642 2851 930 1282 1628 1092 2008 1350 3172 6264 
2548 2357 1030 768 1317 710 1721 1653 1347 4068 12208 
3213 1225 1501 2335 1048 1166 989 3026 1724 4120 4856 
4240 1590 1412 1068 987 1107 1680 2684 1956 4870 5188 
4235 1190 4020 2847 2979 1316 1156 3748 3016 3673 6945 
1513 637 1054 1549 858 2347 1180 983 1826 2126 5731 
3597 2160 2477 2945 2316 1495 902 1437 4380 2993 4480 
1147 5200 1554 1360 983 1242 1810 4802 3038 5282 9954 
684 2570 3198 1423 822 2253 3682 1772 3326 2945 5087 
2845 2460 886 1156 993 2782 752 1828 3771 4712 8652 
2706 1646 1284 1628 724 1342 1368 2431 5239 3345 9268 
2228 2827 1632 1904 1531 2473 1011 2643 1985 5196 2214 
6739 2701 901 1750 808 1202 2147 2178 1905 6213 5212 
2247 2153 1034 1707 911 1038 1850 2164 7444 2085 3559 
3105 3704 4058 891 995 747 1015 1197 2003 3168 5452 
1769 2300 1333 791 1873 1664 1590 5431 2612 3579 2702 
1945 591 1556 922 1772 1941 1221 758 2613 2832 8667 
6755 3322 2616 1416 2841 1061 844 3377 2226 3943 6260 
4249 2118 848 1525 1093 800 803 1634 5424 3133 5292 
3234 806 1376 2619 1099 748 1800 1974 3713 2708 3932 
3366 5238 441 723 1126 1554 1906 1608 2945 2580 3517 
3337 1018 1579 894 1356 921 2222 1597 3504 3587 3489 
5958 3158 1951 1051 1565 1174 1410 1919 2082 2049 5589 
4550 1675 2842 1123 1100 1961 2509 1621 3171 3951 4511 
4015 479 1063 726 1498 1213 964 1956 3670 3598 3711 
1577 1112 2068 1771 1978 1492 2486 1554 2562 5370 6274 
2615 695 1117 1357 2017 837 2798 932 2081 4685 6151 
2400 942 999 2368 559 897 2647 2427 2042 7159 11185 
6769 803 758 1119 1352 1060 1426 2158 1799 6741 3466 
3147 2022 2740 976 772 2467 2372 1374 2443 2823 4562 
2667 2947 690 1898 2481 1138 1575 1386 5351 3576 11287 
2709 607 1169 1272 1180 2207 1903 2706 2191 2033 6022 
2385 2257 1817 1078 538 1372 1325 1266 3916 2239 12248 
4624 1474 2178 2094 784 2254 1747 3551 2340 3654 6754 
2817 2152 2523 1995 2088 1985 1899 1270 4247 5071 5039 
6755 2137 716 1632 1307 3799 689 1296 4489 3383 5139 
741 752 1539 455 890 968 1144 1445 1613 2680 3984 
712 890 3771 997 2625 629 1208 2976 1824 2202 9544 
2678 1380 2271 836 2395 1202 1164 1621 4596 2655 5712 
2292 1219 1696 1491 3160 1574 1064 2607 2663 4870 6479 
2302 1979 945 844 1257 2152 1193 2352 1899 3341 7429 
6467 2915 2145 1840 980 1384 1598 2741 3546 2655 5343 
4618 742 1390 2313 2061 785 1339 867 2364 2318 7870 
1396 893 1351 1705 1643 1222 596 2808 6935 3160 4949 
5840 1983 1231 2324 1052 2168 2237 1619 6330 3026 3621 
2204 1769 876 1132 673 1091 1155 1766 2045 2582 9289 
1204 947 943 977 1187 851 999 1463 3018 6176 6942 
2081 2625 1129 1254 2228 475 1174 5648 866 5035 6092 
1708 5991 1621 3343 862 1094 1575 3585 1075 7506 2508 
4532 5209 1935 1242 2714 2187 746 1505 2057 3678 2819 
2177 4460 2485 1523 1550 776 1120 1458 1734 5922 2950 
1672 1301 1879 931 1025 2466 2493 1532 1965 4046 5282 
3174 3172 524 261 1088 291 1468 1449 2732 2360 6401 
1202 1409 561 383 1098 723 1341 2113 2191 4034 3566 
3983 1479 458 1115 812 1825 843 1374 2425 2677 3122 
1455 2294 635 2505 1046 1843 1990 1546 3408 3305 5398 
6213 819 1247 1988 1810 2234 1255 1265 2190 1630 8070 
1624 1791 2141 1101 604 422 2635 2372 1692 1945 8942 
3170 1400 1837 3219 3578 1811 529 2241 3573 1810 3458 
4851 519 1861 1759 1173 783 1815 3792 3140 2844 3939 
2945 1585 1405 2922 564 1386 1233 1509 3378 5264 2719 
2107 1234 1049 1043 1259 1565 859 2185 1986 7450 4723 
1616 1720 1032 973 1425 1968 5824 1630 2170 1394 4423 
2974 1249 1174 431 544 2078 1020 2334 1581 5934 5417 
2638 1700 1569 973 1617 1507 1677 2895 4556 2742 5023 
3517 827 3396 1439 1866 1805 1210 1587 1207 1138 6432 
2205 1389 826 1433 689 3508 2541 705 6485 5336 5347 
3172 1448 1584 1381 987 2835 1988 1723 1329 2745 5097 
6362 1538 1092 657 1022 1185 1222 3159 2628 8820 3933 
2581 1107 1274 1545 3999 1527 1722 985 1387 2342 4638 
2861 3026 1843 1489 1767 1386 2196 3781 2059 4122 3767 
3485 1145 2110 577 622 1347 1472 1558 3152 2384 3085 
2256 1861 5083 999 1773 1648 1682 1721 3101 4923 4025 
2604 2580 3660 1240 1724 723 2887 1226 949 2152 3247 
2446 753 1522 1139 1080 576 2111 1708 1403 3135 3058 
2073 1093 1748 1228 1927 612 1863 1061 5645 1634 2829 
3679 713 2317 2109 770 833 897 2410 1797 5670 3827 
4560 2679 1017 1485 821 1140 4395 989 3205 4932 2685 
1788 1023 2806 783 3091 1306 1383 2055 3829 3258 8551 
2885 1490 1509 1870 2323 2932 2174 2601 2919 3380 6900 
3070 923 2409 1068 1022 1291 1747 1595 3036 3608 7908 
1390 1241 1023 710 637 1596 2551 1077 2129 3438 6272 
2844 1879 694 3169 1882 1200 1669 2012 2288 1652 3393 
6784 4949 958 2412 986 940 1414 2271 2238 1828 6127 
4486 1625 2143 849 901 1430 968 2629 2567 3089 4648 
2104 2287 1587 818 1246 841 3540 1964 1685 3863 11665 
6727 1440 2527 1752 1134 2158 1805 1290 1785 2931 5847 
2354 3303 1011 884 3356 585 3439 2906 2526 3719 3729 
6702 2415 686 5395 853 578 1405 2513 2804 2241 5289 
2885 740 1067 959 1919 1140 2521 2803 5155 6806 4177 
3543 2045 1915 3559 785 756 621 2367 3059 2744 4155 
4368 6847 1328 856 1280 1021 3549 1805 1444 4305 4120 
1766 1292 1110 2646 2098 523 2372 2274 3139 5965 6383 
6750 1791 1171 1877 2081 1833 1322 1786 895 7193 4383 
1395 1287 1097 520 810 1152 1417 1922 2117 2838 4427 
6768 1867 988 1461 2097 1119 2865 1256 3308 2082 3955 
2880 2052 1268 5488 2090 800 1585 2870 3809 4870 4037 
3325 1088 3975 1140 1461 1289 3530 1529 6973 5297 3737 
1037 2704 1414 1295 2257 3487 1519 900 1876 2737 4367 
6271 1038 561 1263 2268 1168 2733 1238 3265 5944 4088 
4347 1163 1572 1608 1580 4280 1417 1492 3260 4978 10343 
5138 729 658 1237 2384 730 2759 1232 1612 2551 5442 
2191 610 1206 1411 1801 1758 1856 3848 5718 5583 8714 
3647 1289 1387 784 1511 934 2327 2567 1900 4293 2607 
2758 1791 1004 991 1252 1436 2365 2593 4271 6243 2246 
2706 2908 193 1047 1180 1401 2458 1265 4478 5662 7190 
5153 2098 1725 717 1236 1524 1139 3633 1389 4430 6780 
4199 712 1029 757 1178 591 1038 2183 2772 4773 3384 
2080 4740 1199 974 1600 1579 980 2443 3939 2241 7696 
6215 937 923 455 1248 1622 1658 1591 2346 3623 9274 
1567 2168 2711 791 2374 1310 1950 2796 608 2408 4007 
2338 1923 2068 859 520 2044 2032 1293 3911 5298 4622 
2127 2027 1591 1436 2066 755 2012 5959 2726 5103 2657 
