0 12.3719
5 139.077
10 270.426
15 399.109
20 527.934
25 660.626
30 795.984
35 939.337
40 1082.38
45 1227.08
50 1373.48
55 1516.78
60 1660.49
65 1806.85
70 1951.44
75 2087.46
80 2225.26
85 2363.46
90 2499.45
95 2636.46
100 2776.8
105 2911.74
110 3044.37
115 3172.61
120 3295.13
125 3418.58
130 3545.51
135 3675.69
140 3802.78
145 3926
150 4049.54
155 4171.83
160 4293.72
165 4412.82
170 4527.97
175 4645.96
180 4763.73
185 4885.55
190 5008.42
195 5127.44
200 5245.16
205 5361.7
210 5475.68
215 5590.36
220 5708.51
225 5826.85
230 5945.9
235 6065.44
240 6182.22
245 6294.87
250 6409.92
255 6530.74
260 6650.92
265 6764.56
270 6875.22
275 6991.04
280 7106.11
285 7221.67
290 7336.96
295 7451.61
300 7563.93
305 7674.17
310 7788.45
315 7904.85
320 8027.38
325 8150.4
330 8272.88
335 8396.2
340 8520.78
345 8651.42
350 8789.25
355 8922.14
360 9053.47
365 9186.85
370 9327.85
375 9473.39
380 9620.53
385 9765.61
390 9910.98
395 10063.4
400 10220.8
405 10374.2
410 10521.2
415 10666.3
420 10811
425 10960.3
430 11105.2
435 11244.2
440 11381.4
445 11517.8
450 11653.5
455 11789.8
460 11927.4
465 12065.6
470 12205.8
475 12345.2
480 12483.1
485 12623.9
490 12771.2
495 12921.5
500 13066.1
505 13207.6
510 13338.3
515 13460.8
520 13581.5
525 13706
530 13826.3
535 13938.4
540 14051.5
545 14169.3
550 14286.3
555 14394.8
560 14499.9
565 14604.3
570 14709.4
575 14816.9
580 14927.2
585 15038.6
590 15146.5
595 15255.1
600 15363.6
605 15469.3
610 15572
615 15664.7
620 15756.3
625 15850.7
630 15946.6
635 16045
640 16142.3
645 16237.1
650 16333.9
655 16431.6
660 16529
665 16624.5
670 16718
675 16810.1
680 16905.4
685 16995.7
690 17084.8
695 17179
700 17274.6
705 17369.9
710 17462.6
715 17555.4
720 17648.9
725 17739
730 17826.2
735 17913.7
740 18006.7
745 18094.9
750 18180.6
755 18269.8
760 18354.7
765 18439.8
770 18529.8
775 18621.1
780 18712.4
785 18799.2
790 18882.3
795 18965.1
800 19050.9
805 19134.5
810 19216.2
815 19292.4
820 19374.3
825 19456.6
830 19545.4
835 19633.3
840 19718.4
845 19800.2
850 19881.9
855 19966.8
860 20057.8
865 20146.6
870 20233.6
875 20319.5
880 20400.7
885 20477.9
890 20558.9
895 20635.6
900 20707.5
905 20779.5
910 20845.8
915 20912.5
920 20974.8
925 21028.9
930 21077.2
935 21123.7
940 21171.4
945 21220.4
950 21271.6
955 21324.2
960 21379.3
965 21438.5
970 21502.3
975 21561.3
980 21620.5
985 21678.3
990 21734.8
995 21789.4
1000 21842.7
1005 21892.6
1010 21941.1
1015 21992.7
1020 22046
1025 22103.3
1030 22157.8
1035 22209.4
1040 22261.1
1045 22312.8
1050 22358.9
1055 22403.6
1060 22450.8
1065 22497.9
1070 22545
1075 22591
1080 22633.8
1085 22673.7
1090 22710.7
1095 22748.1
1100 22786.1
1105 22829.5
1110 22868.7
1115 22906.3
1120 22951
1125 22989.8
1130 23028.4
1135 23066.1
1140 23095.9
1145 23125
1150 23158.9
1155 23192.3
1160 23223.5
1165 23255.4
1170 23285.9
1175 23314.8
1180 23339.7
1185 23368.2
1190 23401.3
1195 23438.2
1200 23472.4
1205 23505.3
1210 23540.7
1215 23579.4
1220 23623.2
1225 23671
1230 23718.4
1235 23765.6
1240 23811
1245 23854.6
1250 23897
1255 23942.6
1260 23986.2
1265 24027.6
1270 24067.8
1275 24106.4
1280 24141.6
1285 24181.4
1290 24216.1
1295 24245.3
1300 24274.6
1305 24306.4
1310 24342
1315 24380.7
1320 24419.7
1325 24458.8
1330 24492.2
1335 24522.7
1340 24553.5
1345 24591.3
1350 24630.1
1355 24665.7
1360 24702.6
1365 24736.8
1370 24766.1
1375 24795
1380 24823.5
1385 24849.9
1390 24869.3
1395 24888.3
1400 24906.6
1405 24927.2
1410 24952.8
1415 24981.6
1420 25010.4
1425 25045.9
1430 25084.2
1435 25125.2
1440 25171.2
1445 25213.9
1450 25254.5
1455 25295.7
1460 25341.1
1465 25389.1
1470 25436.2
1475 25485.3
1480 25531.1
1485 25574.9
1490 25622
1495 25670.5
1500 25724.4
1505 25780.1
1510 25833.4
1515 25880.6
1520 25922.2
1525 25959.3
1530 25997.2
1535 26037.7
1540 26079
1545 26120.5
1550 26165.2
1555 26213.3
1560 26262
1565 26310.1
1570 26355.6
1575 26404
1580 26453.9
1585 26508.6
1590 26568.4
1595 26629.9
1600 26687.4
1605 26747.6
1610 26809.6
1615 26873.4
1620 26930.6
1625 26987.8
1630 27045.7
1635 27103.7
1640 27161.1
1645 27220.2
1650 27273.8
1655 27328.2
1660 27385.6
1665 27439.7
1670 27495.8
1675 27556.3
1680 27618.4
1685 27680.5
1690 27747.6
1695 27820.7
1700 27893.1
1705 27968.3
1710 28048
1715 28131.4
1720 28214.2
1725 28295.6
1730 28376.4
1735 28456.3
1740 28538.1
1745 28620.2
1750 28705.8
1755 28790.2
1760 28872.3
1765 28949.5
1770 29032.2
1775 29114.9
1780 29195.4
1785 29272.8
1790 29349.2
1795 29424.1
1800 29500.2
1805 29574
1810 29639.5
1815 29705.1
1820 29770.3
1825 29828.4
1830 29875.9
1835 29922.2
1840 29967.3
1845 30007.7
1850 30050.5
1855 30092.1
1860 30130.5
1865 30172.5
1870 30217.2
1875 30263.6
1880 30315.8
1885 30370.3
1890 30431.2
1895 30503.5
1900 30584.9
1905 30668.2
1910 30754
1915 30838.2
1920 30926.1
1925 31011.2
1930 31097.5
1935 31182
1940 31264.2
1945 31350.6
1950 31434.5
1955 31515.4
1960 31591.3
1965 31665.8
1970 31741.6
1975 31822.3
1980 31906.2
1985 31986.9
1990 32069.4
1995 32153.1
2000 32240.5
2005 32331.9
2010 32415.8
2015 32491.7
2020 32571.1
2025 32651
2030 32734.2
2035 32819.8
2040 32906.2
2045 32988
2050 33071.3
2055 33155.4
2060 33238.3
2065 33321.7
2070 33411.7
2075 33499.8
2080 33582
2085 33663.8
2090 33745.6
2095 33824.8
2100 33898.6
2105 33961.4
2110 34026.4
2115 34088.2
2120 34144.3
2125 34192.8
2130 34240.8
2135 34284.2
2140 34324.4
2145 34360.8
2150 34393.6
2155 34420
2160 34449.6
2165 34482.5
2170 34515.1
2175 34555.6
2180 34599.6
2185 34651.2
2190 34704.4
2195 34756.1
2200 34809.9
2205 34864.3
2210 34919.8
2215 34972.3
2220 35026.2
2225 35076.6
2230 35126.7
2235 35177.9
2240 35229
2245 35280.6
2250 35333.4
2255 35383.1
2260 35433.4
2265 35481.9
2270 35532.3
2275 35581.5
2280 35632
2285 35678.6
2290 35729.9
2295 35782.7
2300 35837.3
2305 35888.5
2310 35942.4
2315 35998.5
2320 36049.2
2325 36094.1
2330 36129.2
2335 36156.8
2340 36187.9
2345 36217.9
2350 36240.1
2355 36266.8
2360 36304
2365 36343.4
2370 36382.5
2375 36417
2380 36451.2
2385 36479
2390 36501.5
2395 36520.3
2400 36536.2
2405 36550.9
2410 36559.5
2415 36567.3
2420 36576.1
2425 36583.5
2430 36590.1
2435 36598.2
2440 36607.8
2445 36623.7
2450 36641.6
2455 36660.1
2460 36675.9
2465 36694
2470 36710.1
2475 36718.3
2480 36727.4
2485 36739.6
2490 36759.2
2495 36779.9
2500 36801.5
2505 36821.8
2510 36840.9
2515 36857.9
2520 36879.7
2525 36907
2530 36938.9
2535 36975.8
2540 37016.4
2545 37057.7
2550 37096.1
2555 37129
2560 37159.8
2565 37190.9
2570 37223.5
2575 37258
2580 37293.6
2585 37333.9
2590 37378.9
2595 37431.2
2600 37479.5
2605 37519
2610 37558.4
2615 37604.1
2620 37649.8
2625 37689.4
2630 37729
2635 37765.5
2640 37804.2
2645 37841.2
2650 37871.1
2655 37907.9
2660 37951
2665 38002.2
2670 38056.1
2675 38111.1
2680 38168.9
2685 38229
2690 38283.5
2695 38333.5
2700 38380.7
2705 38425.7
2710 38472.3
2715 38523
2720 38570.7
2725 38616.7
2730 38663.5
2735 38718.4
2740 38775
2745 38838
2750 38905.5
2755 38972.2
2760 39040.9
2765 39116.9
2770 39190.3
2775 39259.9
2780 39328.6
2785 39393.2
2790 39458.7
2795 39518.8
2800 39581.4
2805 39652.2
2810 39728.1
2815 39806.6
2820 39889.8
2825 39968.6
2830 40051.5
2835 40137.3
2840 40225.8
2845 40313.8
2850 40402.3
2855 40488
2860 40581.1
2865 40681.1
2870 40774.7
2875 40867.9
2880 40955.9
2885 41045.9
2890 41136.6
2895 41227.9
2900 41315.4
2905 41401.4
2910 41486.1
2915 41575.6
2920 41667.2
2925 41757.5
2930 41849.5
2935 41944.5
2940 42039.7
2945 42133.9
2950 42226.8
2955 42323.1
2960 42420
2965 42516.9
2970 42611.4
2975 42708.8
2980 42802.4
2985 42896.2
2990 42989.7
2995 43085.9
3000 43188
3005 43288.3
3010 43389
3015 43487.5
3020 43587.2
3025 43697.6
3030 43811
3035 43918.8
3040 44028.3
3045 44140.2
3050 44257.8
3055 44376.2
3060 44490.9
3065 44601
3070 44715.1
3075 44836.1
3080 44954.8
3085 45066.6
3090 45173.8
3095 45281.5
3100 45382.9
3105 45486.5
3110 45591.2
3115 45700.2
3120 45809.1
3125 45911.9
3130 46015.6
3135 46128.6
3140 46236.4
3145 46346.5
3150 46454.4
3155 46569.1
3160 46693.3
3165 46817.4
3170 46935.1
3175 47053.8
3180 47174.6
3185 47296.8
3190 47418.3
3195 47552
3200 47690.5
3205 47819.9
3210 47951.4
3215 48079.7
3220 48202.3
3225 48325.4
3230 48446.3
3235 48566.4
3240 48690.4
3245 48811.3
3250 48927
3255 49047.4
3260 49165
3265 49274.1
3270 49381.2
3275 49485.5
3280 49584.5
3285 49687.6
3290 49791.1
3295 49889.1
3300 49986.1
3305 50082.8
3310 50184
3315 50285.3
3320 50388
3325 50486.4
3330 50588.7
3335 50698.4
3340 50809.3
3345 50926.4
3350 51040.1
3355 51142.5
3360 51239.9
3365 51343.2
3370 51447.1
3375 51549.3
3380 51649.7
3385 51751.3
3390 51851
3395 51947.4
3400 52039.1
3405 52124.4
3410 52207.3
3415 52286.3
3420 52367.6
3425 52449.8
3430 52530.4
3435 52611.5
3440 52695.3
3445 52776.3
3450 52852
3455 52922.8
3460 52994.9
3465 53069.2
3470 53140.5
3475 53213.1
3480 53292.9
3485 53372.7
3490 53450.8
3495 53522.6
3500 53594.1
3505 53672.5
3510 53750.3
3515 53823.4
3520 53893.9
3525 53958.3
3530 54010.5
3535 54067.7
3540 54131.2
3545 54190.1
3550 54238.9
3555 54290.7
3560 54345.8
3565 54406.5
3570 54475.6
3575 54545.1
3580 54621.7
3585 54696.7
3590 54765.7
3595 54835.2
3600 54911.8
3605 54988.7
3610 55064.6
3615 55136.4
3620 55211.4
3625 55295.4
3630 55387.1
3635 55476.8
3640 55557.5
3645 55639.6
3650 55723.8
3655 55807
3660 55891.3
3665 55971.7
3670 56048.8
3675 56134.1
3680 56222.8
3685 56315.8
3690 56412.5
3695 56508.2
3700 56605.7
3705 56706.4
3710 56809.8
3715 56905.3
3720 56993.5
3725 57070.1
3730 57136.8
3735 57199.9
3740 57263.9
3745 57322.1
3750 57373
3755 57422.1
3760 57474.1
3765 57526
3770 57574.5
3775 57631.7
3780 57695.3
3785 57762.6
3790 57830.3
3795 57897.7
3800 57965.5
3805 58028.1
3810 58086.2
3815 58141.5
3820 58194.7
3825 58245.1
3830 58294.5
3835 58344.7
3840 58393.6
3845 58435.4
3850 58469.4
3855 58506.1
3860 58537.8
3865 58562.8
3870 58596
3875 58636.8
3880 58687.1
3885 58737.6
3890 58780.6
3895 58823
3900 58870.8
3905 58925.8
3910 58983.6
3915 59042.9
3920 59111.8
3925 59187.1
3930 59266.5
3935 59332.3
3940 59398.1
3945 59463.7
3950 59531.1
3955 59599.9
3960 59678.5
3965 59769.6
3970 59860.1
3975 59945.1
3980 60031.8
3985 60114.5
3990 60182.7
3995 60241.5
4000 60303.4
4005 60368.7
4010 60431.6
4015 60499.1
4020 60567.2
4025 60630.1
4030 60678.6
4035 60727.7
4040 60777.2
4045 60822.3
4050 60862.6
4055 60910.1
4060 60960.3
4065 61010.1
4070 61063.4
4075 61115.9
4080 61181.7
4085 61260.3
4090 61336.5
4095 61411.9
4100 61484.2
4105 61548.3
4110 61609.8
4115 61667.3
4120 61717
4125 61760.7
4130 61807.5
4135 61856.8
4140 61908.7
4145 61961.8
4150 62012.6
4155 62064
4160 62119.5
4165 62184.3
4170 62253.6
4175 62319.4
4180 62378.1
4185 62425.1
4190 62466.6
4195 62508.9
4200 62557.1
4205 62603.2
4210 62644.9
4215 62689.5
4220 62733.5
4225 62769.2
4230 62801.6
4235 62833
4240 62864.3
4245 62890.1
4250 62918.6
4255 62945.6
4260 62975.2
4265 63000.4
4270 63030.9
4275 63063.2
4280 63088.1
4285 63110.2
4290 63136.2
4295 63167.4
4300 63185
4305 63188.7
4310 63193.5
4315 63196
4320 63197.3
4325 63196.2
4330 63193.5
4335 63185.9
4340 63181.7
4345 63168.6
4350 63148.3
4355 63122.4
4360 63090.7
4365 63055.6
4370 63008.6
4375 62947.4
4380 62884.3
4385 62827
4390 62773.9
4395 62717.7
4400 62658.8
4405 62604.6
4410 62560.9
4415 62520.8
4420 62484.7
4425 62447
4430 62415.9
4435 62389.3
4440 62359.5
4445 62336.3
4450 62322
4455 62308.9
4460 62300
4465 62299
4470 62305.6
4475 62316.1
4480 62313.5
4485 62301
4490 62284.6
4495 62273.8
4500 62276.1
4505 62282.1
4510 62278.9
4515 62270.2
4520 62252.2
4525 62238.6
4530 62224.4
4535 62209
4540 62199.1
4545 62197
4550 62182.2
4555 62159.4
4560 62140.3
4565 62121.8
4570 62094.6
4575 62058.8
4580 62015.9
4585 61964.5
4590 61915.9
4595 61864.9
4600 61833.6
4605 61801.5
4610 61760.9
4615 61719.5
4620 61670
4625 61613
4630 61565.4
4635 61525
4640 61488.1
4645 61461.5
4650 61435.2
4655 61411.9
4660 61390.8
4665 61366.8
4670 61327.5
4675 61278.4
4680 61233.1
4685 61196.9
4690 61159.6
4695 61110.2
4700 61067.1
4705 61018.4
4710 60960.9
4715 60903
4720 60846.8
4725 60799.1
4730 60758.6
4735 60715.8
4740 60676.7
4745 60648.1
4750 60616.8
4755 60577.7
4760 60536.2
4765 60497.2
4770 60463.8
4775 60444.6
4780 60438.7
4785 60436.8
4790 60430.3
4795 60420.9
4800 60406.3
4805 60389.4
4810 60364.5
4815 60331.8
4820 60304.3
4825 60267.5
4830 60228.5
4835 60192
4840 60148.2
4845 60093.7
4850 60047
4855 59995.7
4860 59949.9
4865 59905.3
4870 59861.3
4875 59816.1
4880 59782.6
4885 59758.6
4890 59736.1
4895 59705.3
4900 59669.3
4905 59624.7
4910 59582.2
4915 59539.3
4920 59499.4
4925 59458.6
4930 59418.3
4935 59372
4940 59317.6
4945 59262.1
4950 59198.9
4955 59135.8
4960 59073.1
4965 59005.9
4970 58933.9
4975 58864.4
4980 58800.3
4985 58738.8
4990 58683.2
4995 58631
5000 58592.6
