0 2.82603
5 20.4247
10 38.1334
15 55.3135
20 72.7931
25 90.2332
30 107.773
35 125.174
40 142.758
45 159.964
50 176.899
55 193.457
60 209.933
65 226.613
70 243.038
75 258.533
80 273.859
85 289.099
90 303.848
95 319.566
100 336.397
105 353.411
110 370.235
115 386.617
120 402.82
125 419.957
130 436.693
135 452.686
140 468.503
145 483.915
150 498.957
155 514.533
160 529.475
165 543.019
170 556.517
175 569.931
180 583.383
185 597.411
190 611.958
195 626.86
200 641.792
205 656.98
210 672.47
215 688.706
220 704.628
225 720.273
230 735.44
235 750.949
240 767.229
245 784.094
250 801.331
255 818.354
260 835.752
265 852.863
270 870.177
275 888.032
280 906.036
285 924.064
290 942.14
295 960.161
300 977.752
305 995.646
310 1013.54
315 1031.55
320 1050.16
325 1068.68
330 1087.11
335 1105.43
340 1124.16
345 1142.75
350 1160.66
355 1178.35
360 1196.24
365 1213.98
370 1231.16
375 1248
380 1265.46
385 1282.87
390 1299.37
395 1315.65
400 1332.24
405 1348.85
410 1365.79
415 1381.71
420 1397.12
425 1412.83
430 1428.75
435 1443.94
440 1458.88
445 1474.06
450 1488.95
455 1503.32
460 1517.61
465 1532.1
470 1546.08
475 1559.4
480 1573.34
485 1587.06
490 1600.22
495 1613.14
500 1626.59
505 1640.26
510 1653.69
515 1666.97
520 1680.57
525 1694.69
530 1709.04
535 1723.55
540 1738.28
545 1753.45
550 1768.29
555 1782.13
560 1795.65
565 1809.36
570 1823.1
575 1836.56
580 1850.06
585 1863.3
590 1875.9
595 1888.75
600 1901.53
605 1914.14
610 1926.78
615 1939.45
620 1952.19
625 1965.04
630 1978.54
635 1991.5
640 2004.17
645 2016.99
650 2029.89
655 2043.41
660 2057.16
665 2070.48
670 2083.22
675 2095.16
680 2106.95
685 2118.32
690 2130.51
695 2144.02
700 2157.49
705 2170.24
710 2182.52
715 2194.61
720 2206.5
725 2218.51
730 2230.04
735 2241.65
740 2252.96
745 2264.16
750 2275.88
755 2287.48
760 2298.91
765 2310.36
770 2320.92
775 2331.82
780 2343.84
785 2355.98
790 2367.61
795 2379.5
800 2392.21
805 2404.51
810 2416.39
815 2428.35
820 2440.14
825 2452.09
830 2463.62
835 2474.61
840 2486.45
845 2498.8
850 2511.31
855 2523.94
860 2537.2
865 2549.72
870 2562
875 2574.87
880 2588.17
885 2601.58
890 2615.26
895 2629.19
900 2643.64
905 2658.02
910 2671.7
915 2684.64
920 2697.18
925 2709
930 2720.37
935 2731.89
940 2743.9
945 2756.72
950 2768.94
955 2781.39
960 2794.12
965 2806.66
970 2819.43
975 2831.73
980 2844.42
985 2857.5
990 2870.69
995 2883.76
1000 2895.99
1005 2908.34
1010 2920.77
1015 2931.86
1020 2942.44
1025 2952.5
1030 2962.25
1035 2971.13
1040 2979.56
1045 2987.89
1050 2997.1
1055 3006.66
1060 3016.24
1065 3026.06
1070 3036.14
1075 3046.04
1080 3055.46
1085 3064.35
1090 3073.49
1095 3082.23
1100 3090.64
1105 3098.57
1110 3106.09
1115 3113.83
1120 3121.91
1125 3130.6
1130 3139.59
1135 3148.7
1140 3157.99
1145 3167.2
1150 3176.53
1155 3185.86
1160 3194.48
1165 3202.35
1170 3210.31
1175 3218.07
1180 3225.94
1185 3234.02
1190 3242.11
1195 3250.02
1200 3257.96
1205 3265.41
1210 3271.82
1215 3278.03
1220 3285
1225 3292.22
1230 3298.97
1235 3305.35
1240 3311.58
1245 3317.58
1250 3323.62
1255 3329.98
1260 3337.27
1265 3344.4
1270 3351.74
1275 3358.69
1280 3365.66
1285 3372.61
1290 3379.73
1295 3387.12
1300 3393.92
1305 3399.83
1310 3406.62
1315 3414.03
1320 3422.14
1325 3429.91
1330 3437.79
1335 3445
1340 3452.13
1345 3459.25
1350 3466.27
1355 3473.28
1360 3480.59
1365 3488.13
1370 3496
1375 3504.02
1380 3512.58
1385 3520.89
1390 3528.1
1395 3534.56
1400 3540.78
1405 3546.79
1410 3552.76
1415 3558.41
1420 3563.35
1425 3567.88
1430 3571.99
1435 3575.71
1440 3579.15
1445 3583.1
1450 3587.64
1455 3592.03
1460 3595.88
1465 3600.34
1470 3605.48
1475 3610.81
1480 3615.25
1485 3619.88
1490 3624.66
1495 3629.59
1500 3634.03
1505 3638.04
1510 3641.19
1515 3643.54
1520 3646.37
1525 3648.75
1530 3651.52
1535 3654.34
1540 3657.31
1545 3660.92
1550 3665.4
1555 3669.94
1560 3674.83
1565 3679.97
1570 3685.97
1575 3692.7
1580 3699.38
1585 3706.35
1590 3712.69
1595 3718.75
1600 3724.57
1605 3729.94
1610 3735.29
1615 3740.25
1620 3745.61
1625 3751.29
1630 3757.48
1635 3764.7
1640 3771.91
1645 3778.5
1650 3785.38
1655 3792.3
1660 3799.11
1665 3805.2
1670 3810.77
1675 3816.71
1680 3822.64
1685 3828.85
1690 3835.53
1695 3842.18
1700 3849.31
1705 3855.65
1710 3861.84
1715 3869.05
1720 3877.38
1725 3886.43
1730 3895.78
1735 3904.32
1740 3913.04
1745 3922.37
1750 3932.73
1755 3943.2
1760 3954.6
1765 3965.76
1770 3976.75
1775 3987.21
1780 3997.78
1785 4008.54
1790 4019.34
1795 4029.53
1800 4040.02
1805 4051.02
1810 4061.6
1815 4071.99
1820 4082.87
1825 4093.63
1830 4103.45
1835 4113.37
1840 4123.03
1845 4132.22
1850 4142.54
1855 4153
1860 4163.91
1865 4175.87
1870 4187.8
1875 4200.52
1880 4213.99
1885 4227.02
1890 4239.35
1895 4252.52
1900 4265.92
1905 4279.58
1910 4293.24
1915 4306.72
1920 4320.5
1925 4334.87
1930 4349.12
1935 4363.79
1940 4377.71
1945 4390.45
1950 4402.44
1955 4414.69
1960 4426.47
1965 4438.09
1970 4449.17
1975 4459.83
1980 4469.85
1985 4480.64
1990 4491.86
1995 4503.59
2000 4515.85
2005 4528.07
2010 4539.77
2015 4551.65
2020 4563.2
2025 4574.69
2030 4586.38
2035 4597.61
2040 4609.04
2045 4620.48
2050 4632.18
2055 4643.83
2060 4656.47
2065 4669.02
2070 4681.42
2075 4694.22
2080 4706.94
2085 4718.71
2090 4730.04
2095 4741.84
2100 4753.52
2105 4764.88
2110 4776.13
2115 4787.46
2120 4798.76
2125 4809.61
2130 4819.44
2135 4829.53
2140 4839.95
2145 4849.84
2150 4858.88
2155 4868.43
2160 4879.11
2165 4890.58
2170 4902.59
2175 4914.14
2180 4925.37
2185 4936.76
2190 4947.66
2195 4957.89
2200 4968.06
2205 4978.33
2210 4988.53
2215 4998.12
2220 5007.04
2225 5016.87
2230 5027.72
2235 5038.59
2240 5049.92
2245 5061.71
2250 5073.72
2255 5085.51
2260 5098.7
2265 5111.82
2270 5123.89
2275 5135.26
2280 5146.01
2285 5157.57
2290 5169.21
2295 5180
2300 5191.12
2305 5202.12
2310 5212.77
2315 5223.1
2320 5233.7
2325 5243.86
2330 5253.29
2335 5261.63
2340 5270.32
2345 5278.97
2350 5286.93
2355 5295.35
2360 5304.35
2365 5313.87
2370 5323.16
2375 5333
2380 5343.06
2385 5352.1
2390 5360.46
2395 5369.16
2400 5378.42
2405 5388.68
2410 5399.17
2415 5409.5
2420 5420.49
2425 5432.11
2430 5443.79
2435 5456.45
2440 5469.44
2445 5482.74
2450 5495.71
2455 5509.2
2460 5522.56
2465 5535.99
2470 5549.62
2475 5563.07
2480 5575.93
2485 5587.99
2490 5600.32
2495 5613.27
2500 5625.83
2505 5638.74
2510 5651.16
2515 5663.24
2520 5674.85
2525 5686.98
2530 5698.68
2535 5709.73
2540 5719.59
2545 5728.76
2550 5738.17
2555 5747.7
2560 5757.12
2565 5766.42
2570 5776.08
2575 5785.74
2580 5795.73
2585 5804.88
2590 5813.66
2595 5821.98
2600 5830.51
2605 5839.72
2610 5848.41
2615 5857.25
2620 5865.8
2625 5874.13
2630 5882.29
2635 5890.26
2640 5898.52
2645 5906.82
2650 5915.61
2655 5924.87
2660 5934.73
2665 5945.18
2670 5955.43
2675 5965.22
2680 5974.91
2685 5984.99
2690 5995.75
2695 6006.21
2700 6016.69
2705 6026.86
2710 6036.61
2715 6047.31
2720 6058.17
2725 6067.85
2730 6076.57
2735 6084.67
2740 6091.43
2745 6097.72
2750 6103.64
2755 6108.96
2760 6114.86
2765 6120.59
2770 6124.94
2775 6129.12
2780 6132.78
2785 6136.61
2790 6140.76
2795 6144.81
2800 6148.86
2805 6153.65
2810 6159.3
2815 6165.08
2820 6171.36
2825 6177.11
2830 6182.82
2835 6189.62
2840 6197.04
2845 6204.36
2850 6211
2855 6218.26
2860 6226.05
2865 6234.2
2870 6243.69
2875 6253.27
2880 6262.6
2885 6271.2
2890 6279.69
2895 6288.62
2900 6298.02
2905 6307.58
2910 6317.35
2915 6328.57
2920 6339.87
2925 6350.77
2930 6361.39
2935 6372.08
2940 6383.09
2945 6393.2
2950 6403.5
2955 6413.79
2960 6423.86
2965 6432.98
2970 6442.32
2975 6451.61
2980 6460.52
2985 6469.62
2990 6480.07
2995 6490.79
3000 6502.14
3005 6514.23
3010 6525.97
3015 6537.34
3020 6548.8
3025 6559.64
3030 6571.03
3035 6582.3
3040 6593.6
3045 6605.15
3050 6616.65
3055 6627.6
3060 6637.91
3065 6648.05
3070 6658
3075 6668.16
3080 6677.92
3085 6687.62
3090 6696.54
3095 6706.13
3100 6716.09
3105 6726.58
3110 6737.58
3115 6749.54
3120 6761.93
3125 6774.38
3130 6787.19
3135 6799.85
3140 6812.69
3145 6824.99
3150 6837.06
3155 6849.82
3160 6862.66
3165 6876.54
3170 6891.22
3175 6906.56
3180 6922.3
3185 6938.55
3190 6955.31
3195 6971.42
3200 6987.34
3205 7003.03
3210 7019.45
3215 7036.99
3220 7053.84
3225 7070.11
3230 7086.99
3235 7103.57
3240 7120.53
3245 7136.77
3250 7152.72
3255 7168.72
3260 7184.27
3265 7198.94
3270 7213.07
3275 7227.25
3280 7241.47
3285 7255.38
3290 7269.22
3295 7282.09
3300 7294.3
3305 7305.33
3310 7315.92
3315 7326.11
3320 7335.47
3325 7344.42
3330 7352.13
3335 7359.53
3340 7366.38
3345 7373.15
3350 7380.4
3355 7387.43
3360 7393.74
3365 7399.11
3370 7404.72
3375 7410.92
3380 7417.75
3385 7423.77
3390 7429.33
3395 7434.82
3400 7440.21
3405 7445.41
3410 7450.36
3415 7454.23
3420 7457.65
3425 7460.42
3430 7463.73
3435 7467.24
3440 7471.37
3445 7475.7
3450 7479.29
3455 7481.73
3460 7483.65
3465 7485.57
3470 7488.3
3475 7491.42
3480 7495.48
3485 7500.24
3490 7504.99
3495 7510.33
3500 7516.03
3505 7521.7
3510 7526.65
3515 7530.39
3520 7533.62
3525 7537.29
3530 7541.12
3535 7544.81
3540 7548.06
3545 7551.03
3550 7554.44
3555 7557.52
3560 7561.52
3565 7566.26
3570 7571.55
3575 7577.1
3580 7582.41
3585 7586.89
3590 7590.66
3595 7595.39
3600 7600
3605 7604.49
3610 7608.63
3615 7613.23
3620 7618.53
3625 7623.38
3630 7627.84
3635 7630.6
3640 7632.31
3645 7634.66
3650 7638.11
3655 7641.14
3660 7643.36
3665 7645.1
3670 7646.29
3675 7648.06
3680 7650.33
3685 7651.78
3690 7652.89
3695 7653.93
3700 7654.55
3705 7656.02
3710 7657.8
3715 7659.26
3720 7660.53
3725 7661.6
3730 7662.15
3735 7663.12
3740 7663.79
3745 7664.04
3750 7664.78
3755 7665.65
3760 7665.07
3765 7664.32
3770 7664.92
3775 7666.22
3780 7667.75
3785 7668.64
3790 7668.8
3795 7669.14
3800 7671.02
3805 7672.94
3810 7675.01
3815 7676.91
3820 7676.87
3825 7675.95
3830 7674.81
3835 7673.44
3840 7672.34
3845 7671.45
3850 7671.01
3855 7671.9
3860 7673.02
3865 7674.06
3870 7674.83
3875 7675.44
3880 7676.69
3885 7678.27
3890 7678.73
3895 7678.98
3900 7678.29
3905 7677.37
3910 7676.87
3915 7676.07
3920 7674.35
3925 7671.9
3930 7669.21
3935 7666.28
3940 7661.91
3945 7657.66
3950 7652.78
3955 7646.95
3960 7640.59
3965 7634.58
3970 7628.86
3975 7624.91
3980 7622.24
3985 7619.16
3990 7615.15
3995 7609.71
4000 7603.89
4005 7598.74
4010 7592.81
4015 7585.9
4020 7579.37
4025 7573.08
4030 7566.7
4035 7560.53
4040 7554.34
4045 7548.43
4050 7542.28
4055 7536.45
4060 7530.17
4065 7524.19
4070 7519.04
4075 7513.2
4080 7507.79
4085 7502.92
4090 7498.65
4095 7494.48
4100 7491.05
4105 7487.03
4110 7482.84
4115 7478.32
4120 7474.62
4125 7471.15
4130 7467.54
4135 7463.08
4140 7458.44
4145 7453.57
4150 7449.26
4155 7444.63
4160 7439.85
4165 7435.19
4170 7430.3
4175 7425.1
4180 7419.08
4185 7412.92
4190 7404.85
4195 7396.24
4200 7385.99
4205 7374.88
4210 7364.01
4215 7354.14
4220 7344.49
4225 7333
4230 7320.99
4235 7308.97
4240 7298.29
4245 7287.81
4250 7277.34
4255 7265.99
4260 7254.27
4265 7242.78
4270 7231.08
4275 7220.19
4280 7209.5
4285 7197.71
4290 7185.77
4295 7173.29
4300 7160.44
4305 7148.02
4310 7135.57
4315 7123.66
4320 7111.8
4325 7099.8
4330 7087.97
4335 7077.12
4340 7066.37
4345 7055.54
4350 7043.75
4355 7032.62
4360 7022.01
4365 7011.15
4370 7000.58
4375 6989.73
4380 6977.68
4385 6964.33
4390 6951.43
4395 6939.21
4400 6926.83
4405 6915.13
4410 6904.4
4415 6893.06
4420 6882.98
4425 6874.23
4430 6865.21
4435 6855.9
4440 6846.46
4445 6837.48
4450 6827.72
4455 6818.65
4460 6810.5
4465 6802.79
4470 6795.81
4475 6789.04
4480 6781.67
4485 6774.93
4490 6769.39
4495 6764.28
4500 6760.71
4505 6757.23
4510 6753.37
4515 6749.62
4520 6746.46
4525 6742.56
4530 6738.5
4535 6734.13
4540 6730.11
4545 6726.89
4550 6723.82
4555 6719.9
4560 6716.17
4565 6712.99
4570 6709.79
4575 6706.83
4580 6702.64
4585 6697.88
4590 6692.76
4595 6688.76
4600 6683.51
4605 6677.77
4610 6671.03
4615 6664.76
4620 6660.04
4625 6656.61
4630 6653.03
4635 6648.15
4640 6643.43
4645 6638.66
4650 6633.7
4655 6630.17
4660 6627.07
4665 6622.73
4670 6617.23
4675 6610.82
4680 6604.35
4685 6597.27
4690 6590.62
4695 6585.35
4700 6580.73
4705 6576.4
4710 6572.97
4715 6569.67
4720 6567.04
4725 6564.61
4730 6561.66
4735 6559.39
4740 6558.8
4745 6559.22
4750 6559.25
4755 6560.03
4760 6560.17
4765 6560.19
4770 6559.31
4775 6557.91
4780 6556.65
4785 6554.45
4790 6552.52
4795 6550.26
4800 6547.65
4805 6544.83
4810 6541.71
4815 6538.51
4820 6535.52
4825 6531.51
4830 6527.21
4835 6522.92
4840 6519.85
4845 6516.87
4850 6515.31
4855 6514.06
4860 6512.2
4865 6510.62
4870 6509.49
4875 6507.55
4880 6504.51
4885 6500.4
4890 6495.92
4895 6490.24
4900 6485.97
4905 6482.35
4910 6477.9
4915 6473.24
4920 6469.14
4925 6464.19
4930 6459.63
4935 6455.24
4940 6450.64
4945 6446.4
4950 6441.91
4955 6437.84
4960 6433.97
4965 6430.86
4970 6427.75
4975 6423.32
4980 6418.54
4985 6413.53
4990 6408.5
4995 6403.87
5000 6397.79
