0 10.8003
5 119.124
10 232.143
15 339.881
20 446.525
25 548.637
30 646.264
35 745.97
40 850.32
45 951.607
50 1048.59
55 1139.24
60 1228.63
65 1318.04
70 1414.33
75 1515.28
80 1616.9
85 1718.51
90 1818.67
95 1914.75
100 2012.07
105 2114.72
110 2216.68
115 2319.24
120 2424.21
125 2527.12
130 2630.6
135 2735
140 2838.26
145 2942.11
150 3044.97
155 3141.48
160 3233.99
165 3328.23
170 3416.69
175 3502.76
180 3593.72
185 3687.9
190 3784.33
195 3881.49
200 3978.43
205 4077.82
210 4180.2
215 4279.5
220 4380.77
225 4479.41
230 4574.12
235 4672.31
240 4763.69
245 4854.05
250 4944.32
255 5032.14
260 5115.04
265 5198.2
270 5284.77
275 5375.35
280 5465.02
285 5556.61
290 5646.56
295 5734.64
300 5821.09
305 5908.86
310 5996.78
315 6084
320 6169.11
325 6254.61
330 6338.39
335 6418.77
340 6502.36
345 6589.38
350 6674.08
355 6753.22
360 6834.19
365 6913.83
370 6992.96
375 7073.3
380 7152.17
385 7237.49
390 7329.42
395 7426.72
400 7526.08
405 7623.14
410 7718.26
415 7814.71
420 7913.77
425 8011.39
430 8106.35
435 8203.96
440 8299.63
445 8397.93
450 8500.41
455 8609.09
460 8719.16
465 8828.95
470 8939.1
475 9050.14
480 9155.72
485 9262.31
490 9373.09
495 9481.96
500 9593.19
505 9705.46
510 9821.25
515 9941.93
520 10061.9
525 10179.2
530 10296
535 10415.1
540 10532.9
545 10653.8
550 10774
555 10896.8
560 11024.3
565 11154.7
570 11287
575 11421.5
580 11554.7
585 11676.7
590 11798.1
595 11920.3
600 12041.3
605 12161.8
610 12281.8
615 12399.7
620 12512.6
625 12620.2
630 12728.9
635 12835.1
640 12939.1
645 13040.8
650 13142.2
655 13244.1
660 13345.9
665 13451.4
670 13562.3
675 13675.8
680 13781.8
685 13882.7
690 13988.1
695 14092.5
700 14194.4
705 14305.8
710 14416.4
715 14526.9
720 14640.7
725 14752.1
730 14860.8
735 14969.2
740 15079.8
745 15192.3
750 15304.4
755 15414.7
760 15525
765 15634
770 15741.9
775 15848.4
780 15950
785 16052.8
790 16158.3
795 16265.5
800 16375.1
805 16484.9
810 16591.1
815 16696.9
820 16807.1
825 16916.5
830 17023.1
835 17128.1
840 17231.3
845 17332.2
850 17435.9
855 17542.5
860 17649.3
865 17752.7
870 17853.3
875 17947.8
880 18041.2
885 18136.8
890 18232.3
895 18328.4
900 18428.7
905 18533.5
910 18637
915 18739
920 18842.1
925 18949.5
930 19061.8
935 19176
940 19289.4
945 19402.9
950 19517.8
955 19635.2
960 19753.1
965 19872.9
970 19995.3
975 20116.4
980 20233
985 20351.1
990 20471.7
995 20589.6
1000 20704.6
1005 20816.1
1010 20925.5
1015 21035.5
1020 21145
1025 21252.8
1030 21359.4
1035 21460.6
1040 21565.4
1045 21670.7
1050 21774.7
1055 21877.6
1060 21979.3
1065 22081.7
1070 22186.9
1075 22287.8
1080 22384.5
1085 22480.6
1090 22577.8
1095 22672.1
1100 22766.8
1105 22861.6
1110 22957
1115 23053
1120 23151.1
1125 23254.6
1130 23356.4
1135 23459.8
1140 23562.8
1145 23663.2
1150 23755.3
1155 23845.5
1160 23935.6
1165 24020.8
1170 24100.1
1175 24180.8
1180 24263
1185 24350.3
1190 24442.6
1195 24532.3
1200 24623.8
1205 24715.2
1210 24805.9
1215 24897.7
1220 24986.6
1225 25073.6
1230 25157.2
1235 25241.1
1240 25325.3
1245 25411.9
1250 25494.3
1255 25572
1260 25647.9
1265 25726.5
1270 25804.2
1275 25882.1
1280 25958.1
1285 26035.1
1290 26112.4
1295 26190.8
1300 26272.9
1305 26356.4
1310 26444.3
1315 26533.7
1320 26617.4
1325 26701.3
1330 26790.3
1335 26882.4
1340 26968.4
1345 27050.7
1350 27133.9
1355 27216.1
1360 27300.9
1365 27386.1
1370 27471.7
1375 27559.2
1380 27648.3
1385 27735.1
1390 27824
1395 27912
1400 28000.5
1405 28091.6
1410 28182.1
1415 28274.4
1420 28367.8
1425 28461.9
1430 28556.2
1435 28650.3
1440 28741.3
1445 28828
1450 28909.1
1455 28991.3
1460 29076.3
1465 29164.1
1470 29248.2
1475 29332.4
1480 29418.9
1485 29505.8
1490 29585.7
1495 29662
1500 29736.4
1505 29812.2
1510 29890.2
1515 29973.2
1520 30059.5
1525 30146.8
1530 30234.5
1535 30323.1
1540 30405.4
1545 30481.2
1550 30556
1555 30635.3
1560 30717.1
1565 30799.2
1570 30881.6
1575 30962
1580 31043.2
1585 31127.4
1590 31212.4
1595 31298.8
1600 31380.2
1605 31459.4
1610 31533.1
1615 31615.7
1620 31698.1
1625 31780.2
1630 31859.1
1635 31932.2
1640 32003.5
1645 32073.5
1650 32140
1655 32205.5
1660 32269.7
1665 32334.7
1670 32400.8
1675 32466.8
1680 32525
1685 32587.1
1690 32653.3
1695 32721.6
1700 32784
1705 32844.8
1710 32907.2
1715 32972
1720 33035.1
1725 33088.3
1730 33143.2
1735 33193.5
1740 33243.8
1745 33304.3
1750 33368.3
1755 33431
1760 33490.5
1765 33554.2
1770 33617
1775 33689.4
1780 33772.6
1785 33853
1790 33930.9
1795 34003.7
1800 34080
1805 34157.7
1810 34242.4
1815 34330.6
1820 34414.2
1825 34494.2
1830 34574.8
1835 34652.6
1840 34725.8
1845 34807.1
1850 34895.4
1855 34983.9
1860 35079.1
1865 35170.7
1870 35258.4
1875 35343
1880 35430.4
1885 35521.1
1890 35621.3
1895 35718.4
1900 35808
1905 35894.2
1910 35980.4
1915 36076.6
1920 36176.4
1925 36278.7
1930 36379.8
1935 36488.6
1940 36599.8
1945 36710.2
1950 36819.5
1955 36929.5
1960 37041.3
1965 37154.3
1970 37266.7
1975 37386.1
1980 37508.9
1985 37633.4
1990 37755.1
1995 37871.7
2000 37981.4
2005 38084.3
2010 38187.2
2015 38290.4
2020 38390.8
2025 38492
2030 38588.3
2035 38682.1
2040 38775.5
2045 38872.5
2050 38974
2055 39078.9
2060 39185.3
2065 39287.5
2070 39387.9
2075 39496.7
2080 39608.7
2085 39720.2
2090 39830.7
2095 39937.8
2100 40039.5
2105 40133.6
2110 40224.7
2115 40317.8
2120 40407.8
2125 40493.3
2130 40575.7
2135 40655.5
2140 40741
2145 40829.2
2150 40912.8
2155 41003.3
2160 41100.6
2165 41195.6
2170 41288.2
2175 41378.4
2180 41467.7
2185 41562.5
2190 41665.8
2195 41767.1
2200 41865.1
2205 41955.5
2210 42047.6
2215 42145.9
2220 42243.4
2225 42338.7
2230 42427.7
2235 42512.2
2240 42599.6
2245 42690.8
2250 42794.1
2255 42904.6
2260 43015.4
2265 43124
2270 43238.4
2275 43358.6
2280 43485.8
2285 43617.5
2290 43748.3
2295 43877.4
2300 44005.1
2305 44136.2
2310 44270.8
2315 44411.7
2320 44557.9
2325 44699.1
2330 44840.3
2335 44977.1
2340 45106.5
2345 45236.2
2350 45362.1
2355 45488.1
2360 45616.9
2365 45740.8
2370 45859.7
2375 45977.1
2380 46099.1
2385 46225
2390 46349.2
2395 46471.9
2400 46590.9
2405 46706.6
2410 46819.2
2415 46926.9
2420 47029.6
2425 47132
2430 47233.9
2435 47337.4
2440 47442.3
2445 47552.2
2450 47658.7
2455 47766.7
2460 47876.8
2465 47984
2470 48094.2
2475 48210.8
2480 48335.2
2485 48452.4
2490 48571.3
2495 48689
2500 48800
2505 48909.9
2510 49026
2515 49148.2
2520 49273.1
2525 49399.1
2530 49522.2
2535 49652.4
2540 49782.3
2545 49914.3
2550 50043.8
2555 50176.7
2560 50310.1
2565 50440.6
2570 50567.7
2575 50696.1
2580 50832.5
2585 50969.4
2590 51108.6
2595 51241.5
2600 51370.2
2605 51500.2
2610 51630.3
2615 51759
2620 51892
2625 52030.4
2630 52168.5
2635 52308.5
2640 52451.2
2645 52594.9
2650 52735
2655 52873.4
2660 53007.2
2665 53146.4
2670 53290
2675 53428
2680 53563.6
2685 53694.1
2690 53823.8
2695 53961
2700 54109.3
2705 54258.6
2710 54406
2715 54552.3
2720 54697.9
2725 54845.4
2730 54989.3
2735 55124.2
2740 55249.6
2745 55368.4
2750 55482
2755 55592.7
2760 55708.7
2765 55830.9
2770 55952.8
2775 56073.9
2780 56198.8
2785 56324.9
2790 56449.3
2795 56579.6
2800 56703.6
2805 56819.9
2810 56939.1
2815 57070
2820 57196.4
2825 57320.8
2830 57443
2835 57561.1
2840 57677
2845 57794.9
2850 57910
2855 58025.9
2860 58148.2
2865 58273.6
2870 58396.1
2875 58521.2
2880 58642.4
2885 58755.4
2890 58863.2
2895 58966.5
2900 59067.2
2905 59160.7
2910 59249.8
2915 59332.6
2920 59406.8
2925 59477.7
2930 59555.6
2935 59629.5
2940 59702.3
2945 59777.1
2950 59855.1
2955 59930.8
2960 60003.3
2965 60077.1
2970 60154
2975 60229
2980 60303.3
2985 60377.9
2990 60462.5
2995 60552.3
3000 60637.9
3005 60720.3
3010 60803.2
3015 60880.8
3020 60953.8
3025 61029.7
3030 61102.2
3035 61167.8
3040 61236.1
3045 61302.3
3050 61359.3
3055 61407
3060 61458.9
3065 61507.9
3070 61553
3075 61599.2
3080 61644.6
3085 61693.9
3090 61753.6
3095 61823.5
3100 61893.7
3105 61962
3110 62028.4
3115 62093.1
3120 62158.7
3125 62223.3
3130 62284.5
3135 62342.5
3140 62407.6
3145 62473.7
3150 62534.4
3155 62597.6
3160 62660.1
3165 62712.5
3170 62765.8
3175 62813.3
3180 62860.3
3185 62900.5
3190 62935.9
3195 62964.2
3200 62980.5
3205 62987.9
3210 62995.7
3215 63005.3
3220 63011.1
3225 63019.6
3230 63029.5
3235 63021.4
3240 63004.2
3245 62984.8
3250 62954.4
3255 62921.5
3260 62887
3265 62860.1
3270 62835.9
3275 62812.5
3280 62792.8
3285 62769.7
3290 62739.3
3295 62698.8
3300 62646.5
3305 62589.3
3310 62532.1
3315 62474.9
3320 62419.2
3325 62368.2
3330 62323
3335 62270.2
3340 62216.7
3345 62163
3350 62116.2
3355 62073.4
3360 62032.1
3365 61996.4
3370 61969.9
3375 61951.5
3380 61930.9
3385 61909.6
3390 61890.7
3395 61869.9
3400 61845.4
3405 61817
3410 61792.8
3415 61776.5
3420 61764.2
3425 61747
3430 61724.5
3435 61707.8
3440 61689.3
3445 61662.1
3450 61635.4
3455 61608.1
3460 61584.8
3465 61563.2
3470 61544.2
3475 61526
3480 61512.8
3485 61501.9
3490 61494.8
3495 61487.7
3500 61477.6
3505 61472.8
3510 61463.7
3515 61453.6
3520 61449.8
3525 61444.1
3530 61437.2
3535 61433
3540 61433.7
3545 61438
3550 61445.4
3555 61459.2
3560 61473.4
3565 61481.8
3570 61485.5
3575 61508.3
3580 61534.4
3585 61555.3
3590 61580.4
3595 61616.3
3600 61669.1
3605 61723.1
3610 61783.3
3615 61844
3620 61901.9
3625 61964.2
3630 62025
3635 62078.1
3640 62116
3645 62144
3650 62175.2
3655 62206.4
3660 62235.5
3665 62276.3
3670 62317.2
3675 62359.1
3680 62396.4
3685 62416.2
3690 62432.4
3695 62451.9
3700 62459.5
3705 62462.9
3710 62465.6
3715 62459.7
3720 62453.5
3725 62446.1
3730 62441.8
3735 62440.2
3740 62441.2
3745 62445.4
3750 62450.2
3755 62448
3760 62445.2
3765 62443.7
3770 62440.2
3775 62441.7
3780 62454.1
3785 62472
3790 62477
3795 62482
3800 62489.9
3805 62505.4
3810 62506.2
3815 62493
3820 62477.5
3825 62459.2
3830 62435.4
3835 62407
3840 62392.1
3845 62374.9
3850 62358.2
3855 62341.4
3860 62318
3865 62287.8
3870 62251
3875 62217.6
3880 62192.2
3885 62176.8
3890 62173.6
3895 62174
3900 62178.4
3905 62178.2
3910 62176.7
3915 62180.4
3920 62180.7
3925 62181.1
3930 62182.3
3935 62183.1
3940 62186.5
3945 62187.6
3950 62188.1
3955 62183.8
3960 62189.4
3965 62210.2
3970 62238.3
3975 62262.6
3980 62278.4
3985 62286.4
3990 62293.5
3995 62307.5
4000 62321.1
4005 62331.2
4010 62342.5
4015 62355.6
4020 62369.4
4025 62381.1
4030 62399.8
4035 62423.1
4040 62444.3
4045 62472.4
4050 62499.8
4055 62529.5
4060 62555.4
4065 62578.1
4070 62598.6
4075 62611.7
4080 62620.2
4085 62622.2
4090 62623.3
4095 62630.4
4100 62644.6
4105 62667.4
4110 62687.2
4115 62694.1
4120 62705.5
4125 62724.2
4130 62741.8
4135 62762.1
4140 62779.3
4145 62800
4150 62825.8
4155 62856.6
4160 62895.1
4165 62938.5
4170 62981.4
4175 63025.2
4180 63062.8
4185 63094.8
4190 63116.2
4195 63139.1
4200 63164.7
4205 63197.3
4210 63225.8
4215 63258.9
4220 63297.9
4225 63344
4230 63394.6
4235 63454.5
4240 63514.1
4245 63569.1
4250 63624.9
4255 63685.5
4260 63742.6
4265 63809.8
4270 63891.2
4275 63974.3
4280 64058.1
4285 64145.4
4290 64245.7
4295 64352.7
4300 64447.4
4305 64528.8
4310 64610.9
4315 64689.3
4320 64769.2
4325 64848.7
4330 64928.8
4335 65005.7
4340 65083.3
4345 65153.8
4350 65238.7
4355 65328.9
4360 65412.9
4365 65496.7
4370 65579.7
4375 65660.4
4380 65737.9
4385 65808
4390 65877.4
4395 65954.7
4400 66038.5
4405 66137.8
4410 66240.9
4415 66350.1
4420 66455.2
4425 66559.2
4430 66669.4
4435 66778.9
4440 66882.4
4445 66987.7
4450 67096.4
4455 67202.9
4460 67301.2
4465 67410.5
4470 67518.6
4475 67626.2
4480 67739.2
4485 67854.6
4490 67967.6
4495 68080
4500 68205.4
4505 68327.6
4510 68438.2
4515 68541.5
4520 68653.4
4525 68765.7
4530 68875.1
4535 68976.7
4540 69078.8
4545 69174.8
4550 69265.5
4555 69359.5
4560 69461.1
4565 69557.2
4570 69647.5
4575 69726.8
4580 69791.4
4585 69856.4
4590 69934.9
4595 70018.5
4600 70100.3
4605 70195.9
4610 70291
4615 70387.6
4620 70480.1
4625 70567.5
4630 70652.2
4635 70733.6
4640 70812.1
4645 70889.3
4650 70972.7
4655 71066.5
4660 71159.5
4665 71245.4
4670 71335.2
4675 71439.2
4680 71552.7
4685 71674.7
4690 71798.4
4695 71921.6
4700 72048.3
4705 72184.2
4710 72316.3
4715 72448.4
4720 72582.3
4725 72707.1
4730 72828.7
4735 72950.5
4740 73073.5
4745 73201.2
4750 73333.1
4755 73460
4760 73581
4765 73700.8
4770 73826.9
4775 73957.9
4780 74086.6
4785 74216.7
4790 74354.8
4795 74496.4
4800 74639.5
4805 74790.8
4810 74939.4
4815 75079.3
4820 75218.7
4825 75357.7
4830 75494.7
4835 75638.4
4840 75772.8
4845 75909.9
4850 76049.4
4855 76192.7
4860 76350.6
4865 76520
4870 76679.5
4875 76845
4880 77011.6
4885 77167.3
4890 77326.6
4895 77485.7
4900 77638
4905 77783.9
4910 77925
4915 78074.1
4920 78228
4925 78378.8
4930 78532.9
4935 78683
4940 78840.7
4945 79003.9
4950 79164.1
4955 79319.2
4960 79469.2
4965 79615.4
4970 79755.5
4975 79888.6
4980 80018.2
4985 80139.6
4990 80248.7
4995 80351
5000 80452.9
