0 15.9126
5 187.808
10 374.175
15 565.525
20 758.183
25 953.142
30 1146.97
35 1339.55
40 1530.89
45 1722.48
50 1916.41
55 2105.02
60 2293.67
65 2482.58
70 2669.7
75 2851.39
80 3033.75
85 3217.9
90 3403.23
95 3587.87
100 3775.79
105 3963.13
110 4148.58
115 4334.45
120 4517.41
125 4698.93
130 4881.05
135 5058.23
140 5232.31
145 5400.89
150 5564.32
155 5732.72
160 5903.02
165 6073.95
170 6238.24
175 6403.94
180 6576.59
185 6747.99
190 6920.66
195 7095.21
200 7269.91
205 7460.64
210 7660.54
215 7864.36
220 8073.32
225 8295.46
230 8525.33
235 8752.13
240 8979.74
245 9207.08
250 9432.17
255 9653.72
260 9874.03
265 10090.2
270 10304.4
275 10520.3
280 10738.5
285 10957.7
290 11189.1
295 11426.2
300 11665.7
305 11910.5
310 12161.2
315 12407.1
320 12649.8
325 12890.4
330 13129.5
335 13368.6
340 13613
345 13856.1
350 14095.5
355 14333.4
360 14567
365 14802.4
370 15033
375 15262.1
380 15494.7
385 15733.2
390 15973.2
395 16207.5
400 16435
405 16661.1
410 16883.7
415 17098
420 17310.7
425 17522.8
430 17737.9
435 17953.4
440 18176
445 18408.3
450 18647.9
455 18888
460 19130
465 19378
470 19625.5
475 19873.8
480 20128.8
485 20392.2
490 20657.7
495 20924.9
500 21191.4
505 21453.3
510 21712
515 21969
520 22227.3
525 22478.5
530 22726.8
535 22977.4
540 23228.8
545 23475.2
550 23711.6
555 23942.4
560 24168.4
565 24394.9
570 24606.3
575 24810.9
580 25016.9
585 25219.7
590 25421.3
595 25617.5
600 25810.1
605 26005.4
610 26205.2
615 26403.4
620 26597.3
625 26788.3
630 26988.7
635 27186
640 27376.5
645 27565.2
650 27747.2
655 27932.9
660 28123
665 28313.8
670 28507.3
675 28704.5
680 28905.1
685 29110.9
690 29322.4
695 29539.3
700 29758.2
705 29975.8
710 30194.6
715 30416.3
720 30633.7
725 30845.3
730 31050.6
735 31253
740 31451.2
745 31641
750 31823.2
755 32004.3
760 32188
765 32372.4
770 32563.8
775 32754.5
780 32943.9
785 33139.2
790 33337.7
795 33537.5
800 33737.1
805 33937.2
810 34137.7
815 34329.6
820 34515.1
825 34694.9
830 34868.2
835 35037.5
840 35204.7
845 35370.6
850 35532.5
855 35688.6
860 35840
865 35996.3
870 36152.6
875 36310.2
880 36467.5
885 36630.5
890 36792.2
895 36955.2
900 37123
905 37298.8
910 37482.4
915 37673
920 37866
925 38048.3
930 38221.1
935 38401.6
940 38576.8
945 38745.9
950 38912
955 39078.6
960 39245.6
965 39416.8
970 39596.7
975 39774.9
980 39952.6
985 40131.8
990 40310.1
995 40492.3
1000 40676.7
1005 40864.7
1010 41059.7
1015 41256
1020 41451.4
1025 41643.9
1030 41836.8
1035 42033.7
1040 42236.2
1045 42436.9
1050 42639
1055 42846.1
1060 43053.5
1065 43262.9
1070 43471.6
1075 43683.6
1080 43896.6
1085 44106.4
1090 44317.7
1095 44530.6
1100 44742.1
1105 44955.7
1110 45162
1115 45359.2
1120 45552.4
1125 45737.6
1130 45920.3
1135 46105.9
1140 46293.6
1145 46483.2
1150 46673.6
1155 46856.7
1160 47037.9
1165 47220.6
1170 47408.3
1175 47595.1
1180 47783.5
1185 47971.1
1190 48170.5
1195 48375.9
1200 48580.7
1205 48791.7
1210 49006.7
1215 49214.8
1220 49422
1225 49636.7
1230 49856.9
1235 50074.3
1240 50289.9
1245 50509.4
1250 50727.4
1255 50942.1
1260 51154.6
1265 51368
1270 51588.1
1275 51810.9
1280 52045.6
1285 52281
1290 52513.2
1295 52747.8
1300 52978.7
1305 53205.3
1310 53430
1315 53650.9
1320 53869
1325 54084
1330 54298.7
1335 54502.3
1340 54700.8
1345 54895.6
1350 55092
1355 55296.6
1360 55513.9
1365 55733.8
1370 55958.9
1375 56192.1
1380 56429.8
1385 56666.1
1390 56903.6
1395 57142.1
1400 57378
1405 57607.2
1410 57842.2
1415 58090.2
1420 58344.5
1425 58597.4
1430 58854.9
1435 59115
1440 59376.3
1445 59643.3
1450 59903.3
1455 60154.7
1460 60399.8
1465 60647.2
1470 60893
1475 61135.7
1480 61376.4
1485 61611.4
1490 61845.7
1495 62076.9
1500 62312.6
1505 62554.5
1510 62797.6
1515 63043.5
1520 63287.1
1525 63532.7
1530 63784.2
1535 64042.2
1540 64299.5
1545 64548
1550 64793.4
1555 65037.5
1560 65277.1
1565 65513.6
1570 65758.3
1575 66006.3
1580 66251.9
1585 66501.5
1590 66749.1
1595 66994.9
1600 67244.7
1605 67498.2
1610 67751.6
1615 68002.3
1620 68250.1
1625 68494.9
1630 68739.3
1635 68984.3
1640 69229.4
1645 69466.9
1650 69697.8
1655 69931.8
1660 70165.9
1665 70404.4
1670 70644.1
1675 70888.4
1680 71134.1
1685 71381.9
1690 71642.9
1695 71913.6
1700 72186.8
1705 72455
1710 72724.7
1715 72990.8
1720 73264.2
1725 73540.3
1730 73821.3
1735 74106.9
1740 74394.1
1745 74683.4
1750 74974.7
1755 75264.5
1760 75560.4
1765 75851.8
1770 76148.8
1775 76447
1780 76744.1
1785 77031.2
1790 77306.7
1795 77580.4
1800 77863.9
1805 78155.1
1810 78451.6
1815 78750.4
1820 79053.2
1825 79363.7
1830 79672.9
1835 79988
1840 80303.1
1845 80610.1
1850 80912.6
1855 81223.5
1860 81533.8
1865 81844.3
1870 82158.3
1875 82478.5
1880 82797.2
1885 83115.7
1890 83438.5
1895 83765.9
1900 84094.4
1905 84426.1
1910 84765.5
1915 85108.2
1920 85449.9
1925 85786.6
1930 86111.5
1935 86433.8
1940 86753.5
1945 87079.1
1950 87413.5
1955 87755.5
1960 88099.4
1965 88441
1970 88787.9
1975 89141.6
1980 89494.1
1985 89849.2
1990 90204.7
1995 90563.9
2000 90923
2005 91281.9
2010 91642
2015 92005.3
2020 92367.1
2025 92729.9
2030 93107.1
2035 93486.5
2040 93862.6
2045 94235.1
2050 94608.5
2055 94983.1
2060 95355.7
2065 95733.3
2070 96122.5
2075 96513.5
2080 96902.1
2085 97292.2
2090 97681.4
2095 98067.6
2100 98453.2
2105 98839.3
2110 99223.7
2115 99607.8
2120 99993.7
2125 100377
2130 100754
2135 101128
2140 101508
2145 101888
2150 102271
2155 102653
2160 103039
2165 103437
2170 103836
2175 104236
2180 104641
2185 105051
2190 105467
2195 105888
2200 106312
2205 106743
2210 107169
2215 107583
2220 107982
2225 108380
2230 108778
2235 109176
2240 109577
2245 109981
2250 110380
2255 110771
2260 111162
2265 111549
2270 111932
2275 112317
2280 112701
2285 113083
2290 113465
2295 113843
2300 114217
2305 114596
2310 114972
2315 115346
2320 115725
2325 116104
2330 116477
2335 116853
2340 117228
2345 117600
2350 117987
2355 118367
2360 118740
2365 119112
2370 119480
2375 119843
2380 120206
2385 120575
2390 120942
2395 121311
2400 121673
2405 122036
2410 122394
2415 122751
2420 123108
2425 123476
2430 123846
2435 124211
2440 124581
2445 124952
2450 125325
2455 125690
2460 126052
2465 126416
2470 126767
2475 127112
2480 127452
2485 127791
2490 128125
2495 128459
2500 128790
2505 129125
2510 129457
2515 129793
2520 130129
2525 130466
2530 130795
2535 131116
2540 131430
2545 131739
2550 132049
2555 132362
2560 132674
2565 132986
2570 133302
2575 133606
2580 133914
2585 134219
2590 134525
2595 134831
2600 135153
2605 135484
2610 135828
2615 136173
2620 136526
2625 136879
2630 137234
2635 137582
2640 137932
2645 138281
2650 138640
2655 138998
2660 139359
2665 139724
2670 140081
2675 140441
2680 140799
2685 141159
2690 141520
2695 141874
2700 142228
2705 142583
2710 142950
2715 143322
2720 143696
2725 144071
2730 144441
2735 144802
2740 145160
2745 145504
2750 145837
2755 146167
2760 146495
2765 146821
2770 147152
2775 147481
2780 147812
2785 148146
2790 148483
2795 148814
2800 149139
2805 149465
2810 149800
2815 150137
2820 150477
2825 150821
2830 151162
2835 151506
2840 151850
2845 152193
2850 152542
2855 152903
2860 153272
2865 153650
2870 154027
2875 154404
2880 154768
2885 155131
2890 155484
2895 155818
2900 156152
2905 156490
2910 156823
2915 157150
2920 157476
2925 157787
2930 158090
2935 158396
2940 158713
2945 159036
2950 159352
2955 159666
2960 159981
2965 160305
2970 160624
2975 160948
2980 161275
2985 161607
2990 161933
2995 162261
3000 162597
3005 162938
3010 163274
3015 163603
3020 163922
3025 164237
3030 164546
3035 164852
3040 165162
3045 165475
3050 165781
3055 166081
3060 166377
3065 166680
3070 166988
3075 167301
3080 167611
3085 167912
3090 168225
3095 168550
3100 168884
3105 169229
3110 169562
3115 169895
3120 170230
3125 170568
3130 170904
3135 171243
3140 171587
3145 171932
3150 172282
3155 172632
3160 172984
3165 173336
3170 173692
3175 174040
3180 174382
3185 174723
3190 175059
3195 175399
3200 175720
3205 176026
3210 176333
3215 176639
3220 176947
3225 177268
3230 177588
3235 177909
3240 178228
3245 178552
3250 178881
3255 179202
3260 179517
3265 179826
3270 180129
3275 180427
3280 180737
3285 181051
3290 181374
3295 181700
3300 182035
3305 182364
3310 182694
3315 183022
3320 183344
3325 183660
3330 183986
3335 184320
3340 184668
3345 185021
3350 185362
3355 185687
3360 186021
3365 186365
3370 186707
3375 187041
3380 187372
3385 187709
3390 188043
3395 188369
3400 188692
3405 189005
3410 189323
3415 189636
3420 189945
3425 190248
3430 190542
3435 190832
3440 191122
3445 191403
3450 191680
3455 191962
3460 192251
3465 192533
3470 192824
3475 193115
3480 193396
3485 193666
3490 193934
3495 194192
3500 194448
3505 194701
3510 194958
3515 195224
3520 195493
3525 195759
3530 196027
3535 196297
3540 196569
3545 196845
3550 197133
3555 197432
3560 197744
3565 198063
3570 198376
3575 198690
3580 199003
3585 199318
3590 199633
3595 199952
3600 200279
3605 200603
3610 200932
3615 201257
3620 201586
3625 201913
3630 202243
3635 202564
3640 202882
3645 203198
3650 203512
3655 203822
3660 204140
3665 204454
3670 204764
3675 205058
3680 205350
3685 205635
3690 205906
3695 206175
3700 206464
3705 206761
3710 207045
3715 207331
3720 207616
3725 207911
3730 208195
3735 208462
3740 208725
3745 208984
3750 209243
3755 209500
3760 209770
3765 210057
3770 210359
3775 210686
3780 211008
3785 211319
3790 211616
3795 211894
3800 212171
3805 212451
3810 212734
3815 213027
3820 213334
3825 213635
3830 213933
3835 214227
3840 214526
3845 214836
3850 215161
3855 215488
3860 215801
3865 216117
3870 216440
3875 216772
3880 217117
3885 217462
3890 217793
3895 218126
3900 218456
3905 218788
3910 219102
3915 219402
3920 219706
3925 220011
3930 220318
3935 220619
3940 220919
3945 221204
3950 221485
3955 221761
3960 222040
3965 222324
3970 222609
3975 222903
3980 223193
3985 223498
3990 223803
3995 224110
4000 224431
4005 224758
4010 225084
4015 225411
4020 225742
4025 226075
4030 226418
4035 226765
4040 227105
4045 227450
4050 227790
4055 228125
4060 228449
4065 228771
4070 229099
4075 229433
4080 229770
4085 230104
4090 230419
4095 230733
4100 231035
4105 231322
4110 231607
4115 231887
4120 232175
4125 232468
4130 232769
4135 233073
4140 233385
4145 233707
4150 234029
4155 234338
4160 234647
4165 234956
4170 235263
4175 235578
4180 235895
4185 236209
4190 236518
4195 236830
4200 237143
4205 237455
4210 237764
4215 238064
4220 238377
4225 238689
4230 239003
4235 239324
4240 239643
4245 239979
4250 240310
4255 240644
4260 240982
4265 241320
4270 241663
4275 241985
4280 242296
4285 242604
4290 242928
4295 243256
4300 243578
4305 243898
4310 244222
4315 244548
4320 244856
4325 245158
4330 245471
4335 245778
4340 246078
4345 246373
4350 246664
4355 246958
4360 247242
4365 247507
4370 247767
4375 248021
4380 248262
4385 248495
4390 248726
4395 248949
4400 249158
4405 249343
4410 249520
4415 249706
4420 249886
4425 250062
4430 250222
4435 250382
4440 250532
4445 250685
4450 250831
4455 250983
4460 251148
4465 251308
4470 251475
4475 251648
4480 251810
4485 251976
4490 252125
4495 252273
4500 252432
4505 252608
4510 252786
4515 252948
4520 253089
4525 253230
4530 253369
4535 253506
4540 253648
4545 253806
4550 253951
4555 254104
4560 254240
4565 254360
4570 254464
4575 254549
4580 254636
4585 254720
4590 254838
4595 254959
4600 255077
4605 255179
4610 255287
4615 255389
4620 255487
4625 255597
4630 255707
4635 255799
4640 255888
4645 255992
4650 256121
4655 256260
4660 256417
4665 256566
4670 256723
4675 256875
4680 257023
4685 257160
4690 257307
4695 257462
4700 257603
4705 257742
4710 257872
4715 258000
4720 258123
4725 258230
4730 258340
4735 258450
4740 258552
4745 258648
4750 258766
4755 258903
4760 259030
4765 259152
4770 259273
4775 259390
4780 259484
4785 259563
4790 259621
4795 259673
4800 259727
4805 259781
4810 259816
4815 259823
4820 259810
4825 259783
4830 259745
4835 259710
4840 259678
4845 259645
4850 259601
4855 259517
4860 259420
4865 259325
4870 259223
4875 259111
4880 258984
4885 258856
4890 258719
4895 258571
4900 258429
4905 258285
4910 258142
4915 258005
4920 257877
4925 257737
4930 257602
4935 257491
4940 257392
4945 257305
4950 257223
4955 257134
4960 257033
4965 256953
4970 256872
4975 256785
4980 256699
4985 256613
4990 256529
4995 256445
5000 256357
