0 0.681208
5 3.56114
10 6.5959
15 9.70283
20 12.9508
25 16.1829
30 19.4016
35 22.6508
40 25.9436
45 29.3109
50 32.7282
55 36.0887
60 39.3978
65 42.7213
70 46.129
75 49.6047
80 53.0501
85 56.4774
90 60.0204
95 63.5492
100 66.9819
105 70.3564
110 73.7616
115 77.1405
120 80.5005
125 83.7796
130 87.0126
135 90.2064
140 93.5794
145 96.9855
150 100.427
155 103.99
160 107.56
165 111.268
170 115.026
175 118.826
180 122.673
185 126.497
190 130.253
195 133.966
200 137.7
205 141.494
210 145.404
215 149.491
220 153.474
225 157.441
230 161.418
235 165.214
240 168.839
245 172.52
250 176.318
255 180.034
260 183.661
265 187.23
270 190.985
275 194.762
280 198.544
285 202.419
290 206.341
295 210.332
300 214.454
305 218.505
310 222.635
315 226.874
320 231.084
325 235.188
330 239.236
335 243.536
340 247.855
345 252.193
350 256.479
355 260.744
360 265.026
365 269.266
370 273.435
375 277.688
380 282.121
385 286.572
390 291.039
395 295.401
400 299.771
405 304.202
410 308.616
415 312.995
420 317.386
425 321.965
430 326.696
435 331.377
440 336.192
445 341.066
450 345.951
455 350.975
460 356.129
465 361.452
470 366.929
475 372.449
480 378.03
485 383.558
490 389.057
495 394.499
500 400.004
505 405.484
510 410.918
515 416.421
520 421.853
525 427.236
530 432.619
535 438.222
540 443.889
545 449.515
550 455.152
555 460.896
560 466.681
565 472.367
570 477.991
575 483.702
580 489.526
585 495.465
590 501.505
595 507.618
600 513.731
605 519.869
610 525.915
615 531.937
620 537.918
625 544.041
630 550.335
635 556.669
640 562.995
645 569.23
650 575.306
655 581.336
660 587.367
665 593.289
670 599.071
675 604.847
680 610.505
685 616.09
690 621.638
695 627.122
700 632.697
705 638.309
710 643.894
715 649.428
720 655.052
725 660.645
730 666.136
735 671.584
740 677.037
745 682.568
750 688.129
755 693.789
760 699.478
765 705.271
770 711.196
775 717.196
780 723.158
785 729.064
790 734.981
795 740.921
800 746.796
805 752.735
810 758.715
815 764.603
820 770.428
825 776.346
830 782.41
835 788.384
840 794.414
845 800.321
850 806.213
855 812.134
860 818.062
865 823.982
870 829.826
875 835.657
880 841.567
885 847.457
890 853.428
895 859.298
900 865.156
905 871.074
910 877.07
915 883.194
920 889.455
925 895.856
930 902.314
935 908.736
940 915.149
945 921.345
950 927.529
955 933.669
960 939.738
965 945.834
970 951.969
975 958.109
980 964.209
985 970.291
990 976.321
995 982.301
1000 988.287
1005 994.238
1010 1000.12
1015 1005.98
1020 1011.83
1025 1017.77
1030 1023.79
1035 1029.88
1040 1035.88
1045 1041.94
1050 1047.95
1055 1054.05
1060 1060.14
1065 1066.18
1070 1072.25
1075 1078.36
1080 1084.4
1085 1090.32
1090 1096.13
1095 1101.88
1100 1107.55
1105 1113.28
1110 1118.95
1115 1124.58
1120 1130.27
1125 1135.87
1130 1141.48
1135 1147.2
1140 1152.99
1145 1158.61
1150 1164.13
1155 1169.52
1160 1174.81
1165 1180.13
1170 1185.36
1175 1190.56
1180 1195.75
1185 1200.9
1190 1206.1
1195 1211.41
1200 1216.72
1205 1221.96
1210 1227.31
1215 1232.76
1220 1238.17
1225 1243.58
1230 1248.89
1235 1254.14
1240 1259.41
1245 1264.66
1250 1269.91
1255 1275.3
1260 1280.67
1265 1286.05
1270 1291.31
1275 1296.5
1280 1301.67
1285 1306.91
1290 1312.24
1295 1317.54
1300 1322.88
1305 1328.18
1310 1333.42
1315 1338.62
1320 1343.79
1325 1349.01
1330 1354.21
1335 1359.29
1340 1364.39
1345 1369.35
1350 1374.24
1355 1379.13
1360 1384.13
1365 1388.93
1370 1393.71
1375 1398.44
1380 1403.14
1385 1407.92
1390 1412.71
1395 1417.51
1400 1422.32
1405 1426.92
1410 1431.31
1415 1435.58
1420 1439.7
1425 1443.83
1430 1447.82
1435 1451.78
1440 1455.79
1445 1459.79
1450 1463.89
1455 1468
1460 1472.1
1465 1476.15
1470 1480.07
1475 1483.93
1480 1487.81
1485 1491.8
1490 1495.69
1495 1499.58
1500 1503.45
1505 1507.44
1510 1511.47
1515 1515.57
1520 1519.58
1525 1523.58
1530 1527.75
1535 1531.93
1540 1536.07
1545 1540.26
1550 1544.39
1555 1548.55
1560 1552.72
1565 1556.87
1570 1561.04
1575 1565.22
1580 1569.35
1585 1573.61
1590 1577.9
1595 1582.13
1600 1586.47
1605 1590.71
1610 1594.83
1615 1598.95
1620 1603.17
1625 1607.36
1630 1611.58
1635 1615.91
1640 1620.24
1645 1624.53
1650 1629.01
1655 1633.59
1660 1638.23
1665 1642.75
1670 1647.28
1675 1651.75
1680 1656.08
1685 1660.34
1690 1664.59
1695 1668.78
1700 1672.95
1705 1677.14
1710 1681.32
1715 1685.31
1720 1689.22
1725 1693.14
1730 1696.93
1735 1700.74
1740 1704.31
1745 1707.84
1750 1711.48
1755 1715.17
1760 1718.95
1765 1722.83
1770 1726.73
1775 1730.59
1780 1734.38
1785 1738.05
1790 1741.76
1795 1745.48
1800 1749.22
1805 1752.93
1810 1756.64
1815 1760.43
1820 1764.21
1825 1768.03
1830 1771.74
1835 1775.49
1840 1779.14
1845 1782.7
1850 1786.13
1855 1789.47
1860 1792.86
1865 1796.16
1870 1799.5
1875 1802.83
1880 1806.03
1885 1809.28
1890 1812.63
1895 1816.17
1900 1819.81
1905 1823.38
1910 1827.05
1915 1830.86
1920 1834.53
1925 1838.17
1930 1841.63
1935 1845.09
1940 1848.59
1945 1852.28
1950 1856.05
1955 1859.89
1960 1863.78
1965 1867.62
1970 1871.27
1975 1874.95
1980 1878.68
1985 1882.37
1990 1885.91
1995 1889.2
2000 1892.24
2005 1895.2
2010 1898.06
2015 1901.02
2020 1903.99
2025 1907
2030 1909.9
2035 1912.77
2040 1915.65
2045 1918.63
2050 1921.59
2055 1924.4
2060 1927.18
2065 1929.86
2070 1932.16
2075 1934.09
2080 1936.19
2085 1938.34
2090 1940.61
2095 1942.95
2100 1945.24
2105 1947.42
2110 1949.74
2115 1952.15
2120 1954.7
2125 1957.47
2130 1960.3
2135 1963.14
2140 1965.93
2145 1968.72
2150 1971.4
2155 1974.14
2160 1976.97
2165 1979.74
2170 1982.27
2175 1984.6
2180 1986.98
2185 1989.7
2190 1992.71
2195 1995.8
2200 1998.91
2205 2002.07
2210 2005.38
2215 2008.71
2220 2012.07
2225 2015.46
2230 2018.91
2235 2022.26
2240 2025.45
2245 2028.63
2250 2031.8
2255 2034.93
2260 2038.17
2265 2041.41
2270 2044.79
2275 2048.12
2280 2051.47
2285 2054.86
2290 2058.22
2295 2061.59
2300 2064.84
2305 2068.13
2310 2071.43
2315 2074.43
2320 2077.27
2325 2080
2330 2082.94
2335 2085.87
2340 2088.59
2345 2091.5
2350 2094.59
2355 2097.87
2360 2101.24
2365 2104.57
2370 2107.83
2375 2111.11
2380 2114.53
2385 2117.95
2390 2121.66
2395 2125.43
2400 2129.27
2405 2132.87
2410 2136.38
2415 2139.74
2420 2143.28
2425 2147.07
2430 2150.73
2435 2154.33
2440 2157.85
2445 2161.45
2450 2164.88
2455 2168.14
2460 2171.43
2465 2174.84
2470 2178.34
2475 2181.76
2480 2184.92
2485 2188.12
2490 2191.28
2495 2194.34
2500 2197.43
2505 2200.53
2510 2203.5
2515 2206.47
2520 2209.35
2525 2212.15
2530 2214.8
2535 2217.47
2540 2219.92
2545 2222.3
2550 2224.67
2555 2226.98
2560 2229.26
2565 2231.67
2570 2233.96
2575 2236.28
2580 2238.61
2585 2240.99
2590 2243.43
2595 2245.73
2600 2247.74
2605 2249.59
2610 2251.13
2615 2252.66
2620 2253.84
2625 2254.6
2630 2255.39
2635 2256.27
2640 2257.34
2645 2258.4
2650 2259.39
2655 2260.51
2660 2261.8
2665 2262.95
2670 2264.22
2675 2265.59
2680 2266.92
2685 2268.18
2690 2269.28
2695 2270.05
2700 2270.91
2705 2271.9
2710 2273.02
2715 2274.29
2720 2275.73
2725 2277.09
2730 2278.57
2735 2280.3
2740 2282.17
2745 2284.03
2750 2286
2755 2288.04
2760 2289.94
2765 2291.75
2770 2293.41
2775 2295
2780 2296.66
2785 2298.22
2790 2300.08
2795 2301.94
2800 2303.94
2805 2306.1
2810 2308.31
2815 2310.73
2820 2313.47
2825 2316.08
2830 2318.74
2835 2321.44
2840 2324.23
2845 2327.08
2850 2329.97
2855 2332.8
2860 2335.84
2865 2338.88
2870 2341.9
2875 2344.85
2880 2347.91
2885 2351.01
2890 2354.07
2895 2357.02
2900 2359.95
2905 2363.02
2910 2366.25
2915 2369.44
2920 2372.88
2925 2376.39
2930 2379.92
2935 2383.46
2940 2387.09
2945 2390.78
2950 2394.4
2955 2397.8
2960 2400.94
2965 2404.09
2970 2407.04
2975 2410.16
2980 2413.38
2985 2416.56
2990 2419.81
2995 2423.11
3000 2426.59
3005 2430.2
3010 2434.14
3015 2438.19
3020 2442
3025 2445.86
3030 2449.66
3035 2453.24
3040 2456.73
3045 2460.38
3050 2464.06
3055 2467.71
3060 2471.29
3065 2474.7
3070 2478.1
3075 2481.46
3080 2484.94
3085 2488.41
3090 2492.12
3095 2495.8
3100 2499.49
3105 2503.16
3110 2506.7
3115 2510.37
3120 2514.21
3125 2518.25
3130 2522.38
3135 2526.56
3140 2530.79
3145 2535.08
3150 2539.32
3155 2543.63
3160 2547.9
3165 2552.37
3170 2556.79
3175 2561.24
3180 2565.76
3185 2570.57
3190 2575.32
3195 2579.94
3200 2584.67
3205 2589.59
3210 2594.63
3215 2599.8
3220 2604.8
3225 2609.87
3230 2615.05
3235 2620.24
3240 2625.52
3245 2630.77
3250 2636.07
3255 2641.39
3260 2646.74
3265 2652.04
3270 2657.44
3275 2662.83
3280 2668.23
3285 2673.61
3290 2679.09
3295 2684.73
3300 2690.52
3305 2696.39
3310 2702.15
3315 2707.71
3320 2713.37
3325 2718.92
3330 2724.31
3335 2729.67
3340 2735.13
3345 2740.58
3350 2746.01
3355 2751.29
3360 2756.68
3365 2761.89
3370 2767.18
3375 2772.41
3380 2777.44
3385 2782.43
3390 2787.44
3395 2792.39
3400 2797.23
3405 2802.2
3410 2807.28
3415 2812.56
3420 2817.72
3425 2822.64
3430 2827.45
3435 2832.3
3440 2837.12
3445 2841.86
3450 2846.46
3455 2851.03
3460 2855.67
3465 2860.42
3470 2865.16
3475 2869.96
3480 2874.71
3485 2879.01
3490 2883.03
3495 2887.26
3500 2891.45
3505 2895.7
3510 2899.85
3515 2904.02
3520 2908.07
3525 2911.93
3530 2915.71
3535 2919.62
3540 2923.68
3545 2927.67
3550 2931.45
3555 2935.08
3560 2938.93
3565 2943
3570 2947.1
3575 2951.04
3580 2955.07
3585 2959.31
3590 2963.56
3595 2967.81
3600 2971.85
3605 2975.86
3610 2979.74
3615 2983.51
3620 2987.24
3625 2991.01
3630 2994.96
3635 2999.01
3640 3003.09
3645 3007.08
3650 3011.26
3655 3015.57
3660 3019.67
3665 3023.89
3670 3028.18
3675 3032.72
3680 3037.56
3685 3042.37
3690 3047.05
3695 3051.77
3700 3056.52
3705 3061.48
3710 3066.57
3715 3071.78
3720 3076.9
3725 3082
3730 3087.05
3735 3091.84
3740 3096.83
3745 3101.94
3750 3107.04
3755 3112.12
3760 3117.17
3765 3122.17
3770 3127.11
3775 3131.96
3780 3136.89
3785 3141.76
3790 3146.77
3795 3151.97
3800 3157.14
3805 3162.43
3810 3167.81
3815 3173.18
3820 3178.34
3825 3183.61
3830 3188.9
3835 3194.25
3840 3199.45
3845 3204.38
3850 3209.34
3855 3214.18
3860 3219.08
3865 3224
3870 3228.82
3875 3233.42
3880 3238.15
3885 3242.83
3890 3247.6
3895 3252.34
3900 3257.18
3905 3261.88
3910 3266.71
3915 3271.55
3920 3276.44
3925 3281.27
3930 3285.85
3935 3290.17
3940 3294.43
3945 3298.7
3950 3302.7
3955 3306.32
3960 3309.89
3965 3313.57
3970 3317.19
3975 3320.77
3980 3324.34
3985 3327.99
3990 3331.3
3995 3334.47
4000 3337.58
4005 3340.6
4010 3343.65
4015 3346.76
4020 3349.56
4025 3352.06
4030 3354.46
4035 3356.7
4040 3359.02
4045 3361.3
4050 3363.82
4055 3366.24
4060 3368.62
4065 3370.98
4070 3373.31
4075 3375.64
4080 3377.82
4085 3379.91
4090 3382.05
4095 3384.19
4100 3386.32
4105 3388.25
4110 3390.01
4115 3391.81
4120 3393.73
4125 3395.55
4130 3397.19
4135 3399
4140 3400.68
4145 3402.31
4150 3403.84
4155 3405.3
4160 3406.82
4165 3408.59
4170 3410.06
4175 3411.43
4180 3412.68
4185 3413.96
4190 3415.27
4195 3416.74
4200 3418.13
4205 3419.19
4210 3420.21
4215 3421.14
4220 3421.75
4225 3422
4230 3422.4
4235 3422.84
4240 3423.3
4245 3423.71
4250 3424.05
4255 3424.37
4260 3424.78
4265 3425.19
4270 3425.3
4275 3425
4280 3424.46
4285 3423.72
4290 3422.73
4295 3421.67
4300 3420.97
4305 3420.33
4310 3419.2
4315 3418.03
4320 3416.75
4325 3415.16
4330 3413.75
4335 3412.27
4340 3410.67
4345 3408.98
4350 3407.01
4355 3404.89
4360 3402.9
4365 3400.73
4370 3398.58
4375 3396.33
4380 3394
4385 3391.61
4390 3389.27
4395 3387.08
4400 3384.94
4405 3382.82
4410 3380.56
4415 3378.03
4420 3375.82
4425 3373.74
4430 3371.63
4435 3369.55
4440 3367.96
4445 3366.57
4450 3365.14
4455 3363.56
4460 3361.89
4465 3360.24
4470 3358.61
4475 3356.8
4480 3355.02
4485 3353.4
4490 3351.76
4495 3349.97
4500 3347.76
4505 3345.65
4510 3343.38
4515 3340.87
4520 3338.38
4525 3335.89
4530 3333.27
4535 3330.72
4540 3328.36
4545 3326.05
4550 3323.85
4555 3321.72
4560 3319.36
4565 3317.05
4570 3314.79
4575 3312.33
4580 3309.62
4585 3306.57
4590 3303.33
4595 3300.22
4600 3297.13
4605 3293.85
4610 3290.66
4615 3287.44
4620 3284.17
4625 3280.75
4630 3277.16
4635 3273.53
4640 3269.77
4645 3265.79
4650 3261.6
4655 3257.21
4660 3252.51
4665 3247.86
4670 3243.21
4675 3238.54
4680 3233.7
4685 3228.72
4690 3223.85
4695 3218.86
4700 3213.79
4705 3208.59
4710 3203.41
4715 3198.39
4720 3193.35
4725 3188.49
4730 3183.96
4735 3179.27
4740 3174.33
4745 3169.39
4750 3164.76
4755 3160.09
4760 3155.78
4765 3151.5
4770 3147.17
4775 3142.69
4780 3138.11
4785 3133.4
4790 3128.48
4795 3123.53
4800 3118
4805 3111.99
4810 3105.81
4815 3099.9
4820 3094.34
4825 3088.32
4830 3082.35
4835 3076.36
4840 3070.14
4845 3063.77
4850 3057.58
4855 3051.27
4860 3044.82
4865 3038.17
4870 3031.41
4875 3024.35
4880 3017.32
4885 3010.31
4890 3003.3
4895 2996.43
4900 2989.41
4905 2982.42
4910 2975.63
4915 2968.75
4920 2962.04
4925 2955.59
4930 2949.39
4935 2943.25
4940 2937.25
4945 2931.36
4950 2925.34
4955 2919.27
4960 2913.23
4965 2906.88
4970 2900.49
4975 2894.3
4980 2888.21
4985 2882.26
4990 2876.29
4995 2870.2
5000 2864.18
