0 8.69348
5 92.7399
10 181.104
15 269.109
20 357.153
25 446.535
30 536.235
35 624.452
40 712.772
45 803.845
50 898.875
55 993.155
60 1087.37
65 1183.05
70 1280.47
75 1375.62
80 1468.87
85 1558.18
90 1643.93
95 1730.09
100 1816.05
105 1903.31
110 1990.14
115 2074.62
120 2156.22
125 2237.88
130 2318.88
135 2398.99
140 2478.91
145 2558.12
150 2639.45
155 2720.91
160 2802.33
165 2882.57
170 2961.92
175 3039
180 3113.33
185 3185.25
190 3257.71
195 3329.05
200 3399.04
205 3468.82
210 3539.2
215 3608.42
220 3672.41
225 3735.21
230 3792.58
235 3846.57
240 3896.54
245 3945.71
250 3994.81
255 4043.65
260 4099.03
265 4155.56
270 4211.86
275 4265.78
280 4321.81
285 4379.45
290 4439.12
295 4503.46
300 4569.03
305 4631.09
310 4693.28
315 4751.27
320 4806.37
325 4862.84
330 4922
335 4981.43
340 5041.23
345 5103.01
350 5166.77
355 5229.89
360 5290.88
365 5347.71
370 5404.43
375 5464.06
380 5524.21
385 5584.93
390 5643.06
395 5700.26
400 5758.8
405 5820.35
410 5877.98
415 5934.31
420 5990.45
425 6045.91
430 6103.57
435 6164.28
440 6222.26
445 6278.6
450 6334.39
455 6389.81
460 6444.67
465 6499.08
470 6553.1
475 6604.39
480 6656.35
485 6708.82
490 6763.32
495 6818.55
500 6875.32
505 6935.24
510 6992.56
515 7046.56
520 7099
525 7151.49
530 7206.64
535 7262.78
540 7317.65
545 7372.58
550 7426.76
555 7478.17
560 7530.87
565 7583.51
570 7635.35
575 7683.72
580 7730.47
585 7778.71
590 7829.94
595 7883.83
600 7937.08
605 7991.36
610 8045.27
615 8097.78
620 8152.86
625 8213.76
630 8276.41
635 8341.34
640 8408.78
645 8475.66
650 8541.16
655 8606.86
660 8677.72
665 8748.59
670 8819.76
675 8889.21
680 8956
685 9024.31
690 9092.29
695 9159.37
700 9227.07
705 9293.98
710 9362.48
715 9430.12
720 9492.95
725 9553.65
730 9614.33
735 9670.07
740 9725.27
745 9779.22
750 9832.49
755 9880.6
760 9927.47
765 9976.63
770 10024.1
775 10072.2
780 10119.5
785 10172.3
790 10229.9
795 10289.1
800 10344.4
805 10399.2
810 10455.8
815 10511.8
820 10566.7
825 10620.5
830 10673
835 10722
840 10768.9
845 10816.8
850 10869.7
855 10926.5
860 10986.2
865 11046.3
870 11108.9
875 11173.4
880 11240.6
885 11314.5
890 11390.4
895 11463.6
900 11538.8
905 11614.2
910 11688.5
915 11763.8
920 11839.4
925 11915.4
930 11991.6
935 12066.4
940 12140.4
945 12216
950 12291.6
955 12371.3
960 12456
965 12540.7
970 12623.9
975 12707.4
980 12792.9
985 12879.6
990 12967
995 13055.3
1000 13145.9
1005 13238.2
1010 13330.2
1015 13420.9
1020 13510.2
1025 13598.2
1030 13687.7
1035 13776.4
1040 13864.1
1045 13951.9
1050 14039.6
1055 14131.1
1060 14225.7
1065 14322.4
1070 14419.2
1075 14513.4
1080 14606.4
1085 14698.7
1090 14790
1095 14875.8
1100 14961.7
1105 15050.3
1110 15139.1
1115 15230
1120 15320.2
1125 15408.4
1130 15496.5
1135 15588.4
1140 15683.4
1145 15774.8
1150 15868.7
1155 15963.6
1160 16057.3
1165 16147.6
1170 16234
1175 16316.8
1180 16396.5
1185 16473.6
1190 16545.3
1195 16618.5
1200 16691.8
1205 16766.1
1210 16841.9
1215 16914.8
1220 16986.7
1225 17060.1
1230 17136.4
1235 17216.5
1240 17302.7
1245 17389.9
1250 17474.8
1255 17555.8
1260 17637.7
1265 17715.7
1270 17792.9
1275 17870.9
1280 17952.5
1285 18033.8
1290 18113.2
1295 18189.5
1300 18267.7
1305 18346.2
1310 18427.1
1315 18508.3
1320 18585.4
1325 18665.3
1330 18746.7
1335 18824.9
1340 18904.6
1345 18985.2
1350 19062.6
1355 19140.5
1360 19218.7
1365 19296.1
1370 19376.5
1375 19461.8
1380 19549.2
1385 19639
1390 19730.9
1395 19823.3
1400 19919.5
1405 20017.5
1410 20113.5
1415 20209
1420 20304
1425 20399.3
1430 20494.3
1435 20587.2
1440 20679.9
1445 20772.1
1450 20863.3
1455 20954.9
1460 21047
1465 21136.7
1470 21227
1475 21317.7
1480 21409.4
1485 21503.7
1490 21598.2
1495 21693.5
1500 21791.5
1505 21892.1
1510 21988.5
1515 22084.8
1520 22177.2
1525 22268.1
1530 22358.1
1535 22447.3
1540 22532.2
1545 22613.2
1550 22698.2
1555 22786.3
1560 22871.6
1565 22956.3
1570 23038.5
1575 23121
1580 23202.2
1585 23281.7
1590 23362.1
1595 23442.2
1600 23523.5
1605 23602.7
1610 23680.1
1615 23754.3
1620 23825.5
1625 23895.6
1630 23968
1635 24042.1
1640 24115.5
1645 24187.2
1650 24262.4
1655 24336.9
1660 24407.4
1665 24475.5
1670 24538.3
1675 24598.8
1680 24659.9
1685 24723.3
1690 24789.5
1695 24851.5
1700 24912.1
1705 24970.1
1710 25030.8
1715 25094.6
1720 25158.2
1725 25228.6
1730 25299.3
1735 25370.7
1740 25442.3
1745 25517.1
1750 25593
1755 25669.8
1760 25747.9
1765 25827.4
1770 25908.1
1775 25990.7
1780 26068.2
1785 26140
1790 26209.8
1795 26277.2
1800 26339.1
1805 26398.2
1810 26457.2
1815 26513.1
1820 26569.4
1825 26629.1
1830 26689.1
1835 26747
1840 26811
1845 26882
1850 26951.1
1855 27018.7
1860 27086.2
1865 27155.6
1870 27227.4
1875 27299.6
1880 27371.7
1885 27445.2
1890 27522.4
1895 27602.2
1900 27679.9
1905 27762.2
1910 27848.9
1915 27935.6
1920 28020.6
1925 28107.2
1930 28193.9
1935 28282.5
1940 28372.7
1945 28464.8
1950 28551.1
1955 28636.2
1960 28724.9
1965 28814.3
1970 28901.9
1975 28987.8
1980 29073
1985 29162.7
1990 29251.7
1995 29341.5
2000 29439
2005 29542.3
2010 29647.1
2015 29751.4
2020 29858.9
2025 29973.8
2030 30090.9
2035 30207.8
2040 30319
2045 30431.3
2050 30550.1
2055 30668.4
2060 30782
2065 30894.5
2070 31007
2075 31117.1
2080 31229.5
2085 31347.3
2090 31466.5
2095 31583.5
2100 31701.9
2105 31821
2110 31942.7
2115 32066.7
2120 32187.3
2125 32305.6
2130 32418.7
2135 32528.2
2140 32632
2145 32735.6
2150 32844.2
2155 32960
2160 33079.4
2165 33202
2170 33321.2
2175 33438.2
2180 33556.6
2185 33668.9
2190 33780.7
2195 33888.5
2200 33994.8
2205 34097.5
2210 34199.7
2215 34299.3
2220 34396.1
2225 34489.4
2230 34578.1
2235 34665.3
2240 34755.3
2245 34843.5
2250 34936.8
2255 35036.7
2260 35138.8
2265 35241.3
2270 35347.2
2275 35451.9
2280 35556
2285 35664.7
2290 35773.6
2295 35883.8
2300 35993.9
2305 36104.6
2310 36217.6
2315 36331.9
2320 36444.6
2325 36556.4
2330 36667.9
2335 36777.5
2340 36890.4
2345 37006.5
2350 37122.2
2355 37244
2360 37366.7
2365 37485.4
2370 37598.5
2375 37711
2380 37823.9
2385 37931.3
2390 38033.6
2395 38134.7
2400 38238.3
2405 38342
2410 38445.8
2415 38548.9
2420 38651.2
2425 38759.5
2430 38864.5
2435 38968.5
2440 39069
2445 39168.6
2450 39269.2
2455 39369
2460 39465.5
2465 39561
2470 39656.3
2475 39750.9
2480 39842.4
2485 39935.2
2490 40029.3
2495 40123.9
2500 40225.1
2505 40328.6
2510 40432.4
2515 40536.3
2520 40643.8
2525 40753.1
2530 40868.7
2535 40991.2
2540 41117.5
2545 41248.9
2550 41384.2
2555 41518.1
2560 41651.2
2565 41788
2570 41922.6
2575 42060
2580 42202.2
2585 42343.2
2590 42486.5
2595 42629.7
2600 42770.3
2605 42918.2
2610 43065.8
2615 43213.7
2620 43358.3
2625 43505.6
2630 43657.9
2635 43813.2
2640 43970.3
2645 44126.4
2650 44283.4
2655 44444.4
2660 44599.7
2665 44753
2670 44906.4
2675 45059.1
2680 45211.8
2685 45366.4
2690 45522.6
2695 45679.8
2700 45841.8
2705 46008.1
2710 46172.5
2715 46328
2720 46480.3
2725 46632.2
2730 46783.7
2735 46935.5
2740 47092.7
2745 47254
2750 47416.1
2755 47574.5
2760 47728.8
2765 47879.1
2770 48025.9
2775 48169.8
2780 48316.3
2785 48468.1
2790 48619.5
2795 48774.1
2800 48929.9
2805 49085.5
2810 49245.1
2815 49402.8
2820 49556.3
2825 49712.1
2830 49869.9
2835 50032.3
2840 50191.4
2845 50347.2
2850 50500.5
2855 50651
2860 50801.1
2865 50946.5
2870 51097.7
2875 51253.5
2880 51408.5
2885 51558.3
2890 51703.4
2895 51848
2900 51995.3
2905 52140.8
2910 52280.7
2915 52412.6
2920 52543.8
2925 52674.6
2930 52805.9
2935 52941.9
2940 53083.6
2945 53227.8
2950 53378
2955 53531
2960 53692.5
2965 53856.1
2970 54020.3
2975 54187.8
2980 54350.9
2985 54513.1
2990 54681.3
2995 54856.8
3000 55031.1
3005 55204.9
3010 55374
3015 55544.5
3020 55714.1
3025 55886.6
3030 56055
3035 56222.9
3040 56394.8
3045 56565.9
3050 56732.5
3055 56900.4
3060 57068.5
3065 57230
3070 57383.7
3075 57531.7
3080 57684.2
3085 57840.4
3090 57996.6
3095 58151.7
3100 58306.5
3105 58460.2
3110 58615.1
3115 58773.1
3120 58935.5
3125 59102.2
3130 59267.1
3135 59430.5
3140 59592.9
3145 59754.4
3150 59919.5
3155 60082.7
3160 60241.7
3165 60401.8
3170 60560.1
3175 60717.3
3180 60878.5
3185 61038.3
3190 61199.6
3195 61362.6
3200 61524.5
3205 61690.8
3210 61857.7
3215 62029.6
3220 62200.8
3225 62375
3230 62555.1
3235 62733.3
3240 62916.1
3245 63104.2
3250 63295.6
3255 63481.4
3260 63671.7
3265 63861.5
3270 64052.3
3275 64244.9
3280 64436.2
3285 64629.7
3290 64826.9
3295 65026.2
3300 65223
3305 65419.3
3310 65616.8
3315 65817
3320 66015.2
3325 66214
3330 66416.5
3335 66622.8
3340 66834.3
3345 67041.7
3350 67245.6
3355 67454.5
3360 67663.9
3365 67871.5
3370 68083.2
3375 68296.1
3380 68505.3
3385 68708.2
3390 68907.6
3395 69112.4
3400 69323.1
3405 69537.2
3410 69752.9
3415 69970.1
3420 70191.8
3425 70414.7
3430 70633
3435 70846.2
3440 71053.6
3445 71259.6
3450 71460.4
3455 71657.6
3460 71850.4
3465 72036.4
3470 72220.4
3475 72403.4
3480 72590.4
3485 72781.8
3490 72975
3495 73160.4
3500 73341.2
3505 73519.3
3510 73698.6
3515 73875.3
3520 74054.2
3525 74232.5
3530 74406.6
3535 74578.3
3540 74750.5
3545 74931.5
3550 75119.9
3555 75312.2
3560 75510.6
3565 75710.9
3570 75908.7
3575 76108.6
3580 76313.4
3585 76515.3
3590 76713.5
3595 76911.6
3600 77112.2
3605 77311.7
3610 77507.5
3615 77706.3
3620 77909
3625 78109.8
3630 78312.5
3635 78517.3
3640 78726.7
3645 78941.7
3650 79163.9
3655 79385.3
3660 79605.9
3665 79826.4
3670 80043.8
3675 80261.9
3680 80485.2
3685 80700.7
3690 80911.2
3695 81124.7
3700 81341.3
3705 81563.8
3710 81794.7
3715 82025
3720 82253.3
3725 82473.6
3730 82685.3
3735 82894.2
3740 83102.8
3745 83309.3
3750 83518.1
3755 83730.9
3760 83944.6
3765 84158.6
3770 84368.8
3775 84574.6
3780 84772.6
3785 84969.1
3790 85159
3795 85349.8
3800 85544.8
3805 85746.4
3810 85949.2
3815 86156.1
3820 86370.8
3825 86585.9
3830 86799.8
3835 87014.7
3840 87235
3845 87461.5
3850 87692.1
3855 87920.8
3860 88146.5
3865 88366.1
3870 88583.2
3875 88796
3880 89008.4
3885 89218.4
3890 89423.1
3895 89627.9
3900 89832.6
3905 90044.3
3910 90257.4
3915 90465
3920 90664.9
3925 90863
3930 91059.9
3935 91255.1
3940 91450.2
3945 91648.3
3950 91846.6
3955 92047.4
3960 92248.8
3965 92452.7
3970 92662.3
3975 92875.6
3980 93086.2
3985 93294.2
3990 93503.3
3995 93718.6
4000 93943.5
4005 94169
4010 94394.7
4015 94623.3
4020 94851.4
4025 95079.1
4030 95304
4035 95527.8
4040 95747.5
4045 95968.3
4050 96186.2
4055 96397.9
4060 96610.8
4065 96825.1
4070 97036.6
4075 97248.2
4080 97459.6
4085 97661.4
4090 97853.6
4095 98043.1
4100 98234.8
4105 98422.8
4110 98605.3
4115 98783.6
4120 98957.9
4125 99128
4130 99298.2
4135 99477.9
4140 99664.3
4145 99852.4
4150 100041
4155 100232
4160 100424
4165 100616
4170 100811
4175 101004
4180 101200
4185 101395
4190 101590
4195 101783
4200 101973
4205 102157
4210 102339
4215 102512
4220 102682
4225 102849
4230 103014
4235 103178
4240 103339
4245 103497
4250 103658
4255 103827
4260 104000
4265 104177
4270 104353
4275 104528
4280 104704
4285 104870
4290 105031
4295 105189
4300 105340
4305 105489
4310 105636
4315 105782
4320 105932
4325 106087
4330 106243
4335 106402
4340 106560
4345 106704
4350 106843
4355 106989
4360 107139
4365 107289
4370 107440
4375 107596
4380 107757
4385 107915
4390 108066
4395 108214
4400 108365
4405 108519
4410 108669
4415 108801
4420 108931
4425 109066
4430 109203
4435 109339
4440 109478
4445 109611
4450 109734
4455 109850
4460 109956
4465 110056
4470 110151
4475 110246
4480 110337
4485 110419
4490 110488
4495 110558
4500 110630
4505 110704
4510 110782
4515 110868
4520 110953
4525 111035
4530 111117
4535 111193
4540 111275
4545 111368
4550 111459
4555 111553
4560 111656
4565 111761
4570 111868
4575 111984
4580 112105
4585 112229
4590 112350
4595 112471
4600 112596
4605 112732
4610 112876
4615 113023
4620 113160
4625 113298
4630 113439
4635 113593
4640 113748
4645 113905
4650 114065
4655 114218
4660 114375
4665 114535
4670 114698
4675 114865
4680 115034
4685 115202
4690 115365
4695 115527
4700 115693
4705 115858
4710 116019
4715 116186
4720 116359
4725 116531
4730 116700
4735 116865
4740 117021
4745 117166
4750 117309
4755 117441
4760 117568
4765 117691
4770 117812
4775 117925
4780 118032
4785 118133
4790 118230
4795 118329
4800 118431
4805 118535
4810 118637
4815 118732
4820 118820
4825 118914
4830 119005
4835 119090
4840 119171
4845 119246
4850 119313
4855 119383
4860 119461
4865 119536
4870 119616
4875 119687
4880 119748
4885 119806
4890 119866
4895 119923
4900 119978
4905 120027
4910 120071
4915 120115
4920 120158
4925 120199
4930 120237
4935 120270
4940 120300
4945 120341
4950 120385
4955 120432
4960 120481
4965 120532
4970 120584
4975 120637
4980 120695
4985 120763
4990 120828
4995 120899
5000 120978
