#time	ekin		epot		etot		chain_length
0	11.740600	0.000218	11.740818	22.000227
0.01	11.701572	0.039632	11.741204	22.031910
0.02	11.586103	0.155486	11.741589	22.063526
0.03	11.395890	0.346085	11.741975	22.095014
0.04	11.133735	0.608625	11.742361	22.126313
0.05	10.803503	0.939243	11.742746	22.157361
0.06	10.410062	1.333070	11.743132	22.188099
0.07	9.959211	1.784306	11.743517	22.218467
0.08	9.457595	2.286308	11.743903	22.248407
0.09	8.912601	2.831688	11.744289	22.277862
0.1	8.332249	3.412426	11.744674	22.306776
0.11	7.725070	4.019990	11.745060	22.335096
0.12	7.099980	4.645465	11.745446	22.362770
0.13	6.466146	5.279686	11.745831	22.389747
0.14	5.832843	5.913374	11.746217	22.415979
0.15	5.209324	6.537279	11.746603	22.441419
0.16	4.604674	7.142315	11.746989	22.466025
0.17	4.027675	7.719700	11.747374	22.489754
0.18	3.486679	8.261081	11.747760	22.512568
0.19	2.989479	8.758667	11.748146	22.534430
0.2	2.543195	9.205336	11.748532	22.555308
0.21	2.154170	9.594748	11.748917	22.575170
0.22	1.827871	9.921432	11.749303	22.593989
0.23	1.568815	10.180874	11.749689	22.611740
0.24	1.380498	10.369577	11.750075	22.628402
0.25	1.265348	10.485112	11.750461	22.643956
0.26	1.224691	10.526155	11.750846	22.658387
0.27	1.258731	10.492502	11.751232	22.671682
0.28	1.366550	10.385069	11.751618	22.683833
0.29	1.546127	10.205877	11.752004	22.694834
0.3	1.794372	9.958018	11.752390	22.704682
0.31	2.107170	9.645606	11.752776	22.713378
0.32	2.479451	9.273711	11.753162	22.720926
0.33	2.905268	8.848279	11.753548	22.727333
0.34	3.377890	8.376044	11.753934	22.732609
0.35	3.889902	7.864418	11.754320	22.736768
0.36	4.433324	7.321381	11.754706	22.739825
0.37	4.999734	6.755357	11.755092	22.741799
0.38	5.580393	6.175085	11.755478	22.742714
0.39	6.166380	5.589484	11.755864	22.742593
0.4	6.748730	5.007519	11.756250	22.741464
0.41	7.318571	4.438065	11.756636	22.739357
0.42	7.867254	3.889768	11.757022	22.736305
0.43	8.386490	3.370918	11.757408	22.732343
0.44	8.868470	2.889324	11.757794	22.727508
0.45	9.305987	2.452193	11.758180	22.721839
0.46	9.692542	2.066024	11.758567	22.715377
0.47	10.022442	1.736510	11.758953	22.708166
0.48	10.290884	1.468455	11.759339	22.700249
0.49	10.494025	1.265700	11.759725	22.691674
0.5	10.629041	1.131070	11.760111	22.682488
0.51	10.694164	1.066333	11.760497	22.672740
0.52	10.688709	1.072175	11.760884	22.662479
0.53	10.613077	1.148193	11.761270	22.651756
0.54	10.468752	1.292904	11.761656	22.640623
0.55	10.258269	1.503774	11.762042	22.629131
0.56	9.985174	1.777254	11.762429	22.617332
0.57	9.653971	2.108844	11.762815	22.605280
0.58	9.270043	2.493158	11.763201	22.593026
0.59	8.839572	2.924016	11.763587	22.580623
0.6	8.369438	3.394536	11.763974	22.568123
0.61	7.867115	3.897245	11.764360	22.555577
0.62	7.340551	4.424195	11.764746	22.543036
0.63	6.798047	4.967085	11.765133	22.530551
0.64	6.248126	5.517393	11.765519	22.518170
0.65	5.699402	6.066503	11.765905	22.505942
0.66	5.160446	6.605845	11.766292	22.493912
0.67	4.639657	7.127021	11.766678	22.482128
0.68	4.145127	7.621937	11.767064	22.470631
0.69	3.684525	8.082926	11.767451	22.459466
0.7	3.264970	8.502868	11.767837	22.448671
0.71	2.892930	8.875294	11.768224	22.438286
0.72	2.574122	9.194488	11.768610	22.428346
0.73	2.313421	9.455576	11.768996	22.418887
0.74	2.114792	9.654591	11.769383	22.409941
0.75	1.981228	9.788541	11.769769	22.401538
0.76	1.914705	9.855450	11.770156	22.393704
0.77	1.916157	9.854386	11.770542	22.386466
0.78	1.985457	9.785472	11.770929	22.379846
0.79	2.121429	9.649887	11.771315	22.373864
0.8	2.321861	9.449841	11.771702	22.368538
0.81	2.583547	9.188542	11.772088	22.363883
0.82	2.902332	8.870143	11.772475	22.359911
0.83	3.273184	8.499678	11.772861	22.356632
0.84	3.690268	8.082980	11.773248	22.354053
0.85	4.147040	7.626594	11.773635	22.352179
0.86	4.636350	7.137671	11.774021	22.351011
0.87	5.150551	6.623857	11.774408	22.350549
0.88	5.681617	6.093178	11.774794	22.350789
0.89	6.221272	5.553909	11.775181	22.351726
0.9	6.761112	5.014455	11.775568	22.353352
0.91	7.292742	4.483212	11.775954	22.355655
0.92	7.807897	3.968444	11.776341	22.358624
0.93	8.298576	3.478151	11.776728	22.362241
0.94	8.757162	3.019953	11.777115	22.366491
0.95	9.176538	2.600963	11.777501	22.371354
0.96	9.550198	2.227690	11.777888	22.376807
0.97	9.872346	1.905929	11.778275	22.382828
0.98	10.137983	1.640679	11.778662	22.389392
0.99	10.342982	1.436067	11.779049	22.396471
1	10.484154	1.295282	11.779435	22.404037
1.01	10.559292	1.220531	11.779822	22.412060
1.02	10.567204	1.213005	11.780209	22.420509
1.03	10.507733	1.272863	11.780596	22.429351
1.04	10.381752	1.399231	11.780983	22.438554
1.05	10.191156	1.590214	11.781370	22.448082
1.06	9.938824	1.842933	11.781757	22.457901
1.07	9.628580	2.153563	11.782144	22.467975
1.08	9.265129	2.517401	11.782531	22.478268
1.09	8.853983	2.928934	11.782918	22.488742
1.1	8.401378	3.381927	11.783305	22.499362
1.11	7.914173	3.869519	11.783692	22.510090
1.12	7.399747	4.384331	11.784079	22.520890
1.13	6.865887	4.918579	11.784465	22.531725
1.14	6.320660	5.464193	11.784852	22.542559
1.15	5.772298	6.012941	11.785239	22.553356
1.16	5.229066	6.556560	11.785626	22.564081
1.17	4.699138	7.086875	11.786013	22.574699
1.18	4.190470	7.595931	11.786400	22.585178
1.19	3.710680	8.076107	11.786787	22.595485
1.2	3.266934	8.520240	11.787174	22.605588
1.21	2.865835	8.921726	11.787561	22.615457
1.22	2.513322	9.274626	11.787948	22.625063
1.23	2.214585	9.573750	11.788335	22.634380
1.24	1.973985	9.814737	11.788722	22.643380
1.25	1.794989	9.994120	11.789109	22.652039
1.26	1.680122	10.109374	11.789496	22.660336
1.27	1.630928	10.158955	11.789883	22.668248
1.28	1.647949	10.142321	11.790270	22.675758
1.29	1.730723	10.059935	11.790657	22.682847
1.3	1.877790	9.913254	11.791044	22.689500
1.31	2.086720	9.704711	11.791431	22.695703
1.32	2.354153	9.437666	11.791818	22.701447
1.33	2.675848	9.116357	11.792205	22.706720
1.34	3.046760	8.745833	11.792593	22.711516
1.35	3.461109	8.331871	11.792980	22.715830
1.36	3.912480	7.880887	11.793367	22.719657
1.37	4.393916	7.399838	11.793754	22.722998
1.38	4.898031	6.896110	11.794141	22.725852
1.39	5.417122	6.377407	11.794528	22.728223
1.4	5.943286	5.851629	11.794916	22.730115
1.41	6.468547	5.326756	11.795303	22.731535
1.42	6.984973	4.810718	11.795690	22.732492
1.43	7.484798	4.311279	11.796077	22.732996
1.44	7.960544	3.835921	11.796465	22.733060
1.45	8.405129	3.391722	11.796852	22.732696
1.46	8.811979	2.985260	11.797239	22.731922
1.47	9.175122	2.622504	11.797626	22.730753
1.48	9.489280	2.308733	11.798014	22.729209
1.49	9.749947	2.048454	11.798401	22.727310
1.5	9.953454	1.845334	11.798788	22.725077
1.51	10.097022	1.702153	11.799176	22.722532
1.52	10.178802	1.620761	11.799563	22.719699
1.53	10.197897	1.602053	11.799950	22.716603
1.54	10.154376	1.645962	11.800338	22.713269
1.55	10.049263	1.751462	11.800725	22.709724
1.56	9.884521	1.916591	11.801112	22.705995
1.57	9.663020	2.138480	11.801499	22.702108
1.58	9.388480	2.413407	11.801887	22.698091
1.59	9.065418	2.736856	11.802274	22.693974
1.6	8.699074	3.103588	11.802661	22.689784
1.61	8.295320	3.507728	11.803049	22.685550
1.62	7.860576	3.942860	11.803436	22.681299
1.63	7.401699	4.402124	11.803823	22.677061
1.64	6.925883	4.878327	11.804210	22.672862
1.65	6.440541	5.364057	11.804598	22.668731
1.66	5.953190	5.851795	11.804985	22.664694
1.67	5.471336	6.334036	11.805372	22.660778
1.68	5.002357	6.803402	11.805759	22.657007
1.69	4.553388	7.252758	11.806146	22.653407
1.7	4.131213	7.675320	11.806533	22.650001
1.71	3.742161	8.064759	11.806921	22.646812
1.72	3.392010	8.415297	11.807308	22.643861
1.73	3.085900	8.721795	11.807695	22.641168
1.74	2.828256	8.979825	11.808082	22.638752
1.75	2.622725	9.185744	11.808469	22.636631
1.76	2.472118	9.336738	11.808856	22.634821
1.77	2.378378	9.430865	11.809243	22.633336
1.78	2.342547	9.467083	11.809630	22.632189
1.79	2.364759	9.445259	11.810018	22.631390
1.8	2.444240	9.366165	11.810405	22.630951
1.81	2.579327	9.231465	11.810792	22.630877
1.82	2.767495	9.043684	11.811179	22.631176
1.83	3.005406	8.806160	11.811566	22.631852
1.84	3.288960	8.522993	11.811954	22.632906
1.85	3.613366	8.198975	11.812341	22.634340
1.86	3.973219	7.839509	11.812728	22.636152
1.87	4.362589	7.450526	11.813116	22.638339
1.88	4.775115	7.038387	11.813503	22.640897
1.89	5.204109	6.609781	11.813890	22.643818
1.9	5.642658	6.171620	11.814278	22.647094
1.91	6.083739	5.730926	11.814665	22.650715
1.92	6.520327	5.294725	11.815052	22.654669
1.93	6.945504	4.869936	11.815440	22.658942
1.94	7.352570	4.463258	11.815827	22.663520
1.95	7.735144	4.081070	11.816215	22.668386
1.96	8.087268	3.729334	11.816602	22.673521
1.97	8.403493	3.413496	11.816989	22.678906
1.98	8.678967	3.138410	11.817377	22.684520
1.99	8.909504	2.908261	11.817764	22.690341
2	9.091653	2.726499	11.818152	22.696346
2.01	9.222745	2.595795	11.818539	22.702510
2.02	9.300932	2.517995	11.818927	22.708808
2.03	9.325215	2.494099	11.819314	22.715214
2.04	9.295454	2.524247	11.819701	22.721700
2.05	9.212368	2.607721	11.820089	22.728238
2.06	9.077518	2.742958	11.820476	22.734802
2.07	8.893284	2.927580	11.820864	22.741360
2.08	8.662817	3.158434	11.821251	22.747886
2.09	8.389994	3.431644	11.821638	22.754348
2.1	8.079346	3.742679	11.822026	22.760717
2.11	7.735992	4.086421	11.822413	22.766965
2.12	7.365550	4.457250	11.822800	22.773061
2.13	6.974049	4.849138	11.823187	22.778976
2.14	6.567831	5.255743	11.823575	22.784682
2.15	6.153452	5.670509	11.823962	22.790149
2.16	5.737576	6.086773	11.824349	22.795350
2.17	5.326868	6.497868	11.824736	22.800257
2.18	4.927893	6.897230	11.825123	22.804844
2.19	4.547009	7.278501	11.825510	22.809086
2.2	4.190268	7.635629	11.825897	22.812956
2.21	3.863323	7.962961	11.826284	22.816433
2.22	3.571341	8.255330	11.826671	22.819492
2.23	3.318919	8.508139	11.827058	22.822114
2.24	3.110019	8.717426	11.827445	22.824277
2.25	2.947904	8.879928	11.827832	22.825964
2.26	2.835089	8.993130	11.828219	22.827157
2.27	2.773309	9.055297	11.828606	22.827840
2.28	2.763486	9.065507	11.828993	22.828000
2.29	2.805726	9.023654	11.829380	22.827625
2.3	2.899313	8.930454	11.829767	22.826704
2.31	3.042730	8.787424	11.830154	22.825227
2.32	3.233679	8.596862	11.830541	22.823189
2.33	3.469124	8.361804	11.830928	22.820583
2.34	3.745340	8.085975	11.831315	22.817407
2.35	4.057974	7.773728	11.831702	22.813660
2.36	4.402116	7.429973	11.832089	22.809340
2.37	4.772377	7.060099	11.832476	22.804452
2.38	5.162976	6.669887	11.832863	22.798999
2.39	5.567830	6.265420	11.833250	22.792987
2.4	5.980654	5.852983	11.833637	22.786424
2.41	6.395057	5.438967	11.834025	22.779320
2.42	6.804643	5.029769	11.834412	22.771687
2.43	7.203110	4.631688	11.834799	22.763538
2.44	7.584353	4.250833	11.835186	22.754889
2.45	7.942550	3.893023	11.835573	22.745755
2.46	8.272261	3.563700	11.835960	22.736156
2.47	8.568505	3.267843	11.836347	22.726111
2.48	8.826838	3.009896	11.836735	22.715643
2.49	9.043423	2.793698	11.837122	22.704774
2.5	9.215083	2.622426	11.837509	22.693528
2.51	9.339349	2.498547	11.837896	22.681931
2.52	9.414499	2.423784	11.838283	22.670010
2.53	9.439577	2.399093	11.838670	22.657793
2.54	9.414409	2.424648	11.839058	22.645308
2.55	9.339599	2.499846	11.839445	22.632586
2.56	9.216517	2.623315	11.839832	22.619657
2.57	9.047277	2.792942	11.840219	22.606552
2.58	8.834697	3.005909	11.840606	22.593304
2.59	8.582254	3.258740	11.840993	22.579945
2.6	8.294024	3.547356	11.841380	22.566507
2.61	7.974620	3.867147	11.841768	22.553024
2.62	7.629114	4.213040	11.842155	22.539529
2.63	7.262957	4.579585	11.842542	22.526055
2.64	6.881889	4.961040	11.842929	22.512635
2.65	6.491852	5.351464	11.843316	22.499303
2.66	6.098895	5.744808	11.843703	22.486091
2.67	5.709078	6.135012	11.844090	22.473031
2.68	5.328375	6.516102	11.844477	22.460156
2.69	4.962586	6.882278	11.844864	22.447496
2.7	4.617243	7.228008	11.845251	22.435081
2.71	4.297529	7.548109	11.845638	22.422942
2.72	4.008194	7.837831	11.846025	22.411108
2.73	3.753486	8.092926	11.846412	22.399605
2.74	3.537089	8.309710	11.846799	22.388460
2.75	3.362065	8.485121	11.847186	22.377699
2.76	3.230812	8.616761	11.847573	22.367347
2.77	3.145030	8.702930	11.847960	22.357424
2.78	3.105702	8.742645	11.848347	22.347954
2.79	3.113076	8.735658	11.848734	22.338955
2.8	3.166673	8.682448	11.849121	22.330445
2.81	3.265296	8.584212	11.849508	22.322443
2.82	3.407055	8.442840	11.849895	22.314961
2.83	3.589399	8.260883	11.850282	22.308013
2.84	3.809166	8.041503	11.850669	22.301612
2.85	4.062630	7.788426	11.851056	22.295766
2.86	4.345570	7.505873	11.851443	22.290482
2.87	4.653337	7.198493	11.851830	22.285768
2.88	4.980932	6.871285	11.852217	22.281627
2.89	5.323087	6.529517	11.852604	22.278060
2.9	5.674350	6.178641	11.852991	22.275070
2.91	6.029173	5.824205	11.853378	22.272652
2.92	6.382002	5.471763	11.853765	22.270806
2.93	6.727364	5.126788	11.854152	22.269524
2.94	7.059955	4.794584	11.854539	22.268799
2.95	7.374721	4.480205	11.854926	22.268624
2.96	7.666939	4.188374	11.855313	22.268986
2.97	7.932289	3.923412	11.855700	22.269874
2.98	8.166919	3.689168	11.856087	22.271273
2.99	8.367506	3.488968	11.856474	22.273167
3	8.531304	3.325558	11.856861	22.275539
3.01	8.656181	3.201067	11.857248	22.278371
3.02	8.740654	3.116981	11.857635	22.281641
3.03	8.783903	3.074119	11.858023	22.285328
3.04	8.785783	3.072626	11.858410	22.289409
3.05	8.746819	3.111977	11.858797	22.293860
3.06	8.668193	3.190991	11.859184	22.298654
3.07	8.551719	3.307851	11.859571	22.303766
3.08	8.399813	3.460145	11.859958	22.309167
3.09	8.215443	3.644902	11.860345	22.314831
3.1	8.002081	3.858651	11.860732	22.320726
3.11	7.763643	4.097476	11.861119	22.326824
3.12	7.504419	4.357087	11.861506	22.333094
3.13	7.229002	4.632891	11.861893	22.339504
3.14	6.942209	4.920071	11.862280	22.346024
3.15	6.649005	5.213662	11.862667	22.352622
3.16	6.354414	5.508640	11.863054	22.359265
3.17	6.063441	5.800000	11.863441	22.365922
3.18	5.780988	6.082841	11.863828	22.372561
3.19	5.511771	6.352444	11.864215	22.379150
3.2	5.260251	6.604352	11.864603	22.385657
3.21	5.030552	6.834438	11.864990	22.392051
3.22	4.826402	7.038975	11.865377	22.398301
3.23	4.651071	7.214693	11.865764	22.404377
3.24	4.507319	7.358832	11.866151	22.410248
3.25	4.397354	7.469185	11.866538	22.415885
3.26	4.322797	7.544129	11.866925	22.421261
3.27	4.284660	7.582653	11.867312	22.426347
3.28	4.283330	7.584369	11.867700	22.431116
3.29	4.318570	7.549517	11.868087	22.435544
3.3	4.389519	7.478955	11.868474	22.439606
3.31	4.494715	7.374146	11.868861	22.443278
3.32	4.632122	7.237126	11.869248	22.446538
3.33	4.799162	7.070474	11.869636	22.449365
3.34	4.992765	6.877258	11.870023	22.451740
3.35	5.209422	6.660988	11.870410	22.453644
3.36	5.445241	6.425556	11.870797	22.455062
3.37	5.696022	6.175163	11.871184	22.455977
3.38	5.957319	5.914253	11.871571	22.456375
3.39	6.224522	5.647436	11.871959	22.456245
3.4	6.492935	5.379411	11.872346	22.455576
3.41	6.757849	5.114883	11.872733	22.454358
3.42	7.014630	4.858490	11.873120	22.452584
3.43	7.258789	4.614718	11.873507	22.450248
3.44	7.486062	4.387832	11.873894	22.447346
3.45	7.692479	4.181803	11.874281	22.443875
3.46	7.874431	4.000237	11.874668	22.439833
3.47	8.028732	3.846324	11.875056	22.435221
3.48	8.152668	3.722775	11.875443	22.430040
3.49	8.244045	3.631785	11.875830	22.424295
3.5	8.301225	3.574992	11.876217	22.417989
3.51	8.323154	3.553450	11.876604	22.411129
3.52	8.309377	3.567613	11.876990	22.403723
3.53	8.260048	3.617329	11.877377	22.395780
3.54	8.175927	3.701838	11.877764	22.387310
3.55	8.058364	3.819787	11.878151	22.378324
3.56	7.909284	3.969254	11.878538	22.368836
3.57	7.731146	4.147779	11.878925	22.358859
3.58	7.526909	4.352403	11.879312	22.348409
3.59	7.299981	4.579718	11.879699	22.337501
3.6	7.054161	4.825925	11.880086	22.326152
3.61	6.793579	5.086894	11.880472	22.314380
3.62	6.522624	5.358235	11.880859	22.302204
3.63	6.245875	5.635371	11.881246	22.289642
3.64	5.968023	5.913610	11.881633	22.276716
3.65	5.693793	6.188227	11.882020	22.263445
3.66	5.427867	6.454540	11.882407	22.249851
3.67	5.174805	6.707988	11.882794	22.235955
3.68	4.938972	6.944208	11.883180	22.221779
3.69	4.724460	7.159107	11.883567	22.207344
3.7	4.535026	7.348928	11.883954	22.192673
3.71	4.374023	7.510318	11.884341	22.177788
3.72	4.244350	7.640378	11.884728	22.162712
3.73	4.148397	7.736718	11.885115	22.147467
3.74	4.088009	7.797492	11.885502	22.132074
3.75	4.064453	7.821435	11.885889	22.116556
3.76	4.078394	7.807882	11.886276	22.100934
3.77	4.129882	7.756781	11.886663	22.085229
3.78	4.218354	7.668696	11.887049	22.069462
3.79	4.342636	7.544801	11.887436	22.053654
3.8	4.500965	7.386858	11.887823	22.037824
3.81	4.691013	7.197197	11.888210	22.021991
3.82	4.909926	6.978671	11.888597	22.006174
3.83	5.154367	6.734617	11.888984	21.990391
3.84	5.420571	6.468800	11.889371	21.974658
3.85	5.704405	6.185352	11.889758	21.958991
3.86	6.001434	5.888710	11.890144	21.943407
3.87	6.306993	5.583538	11.890531	21.927919
3.88	6.616262	5.274656	11.890918	21.912541
3.89	6.924344	4.966961	11.891305	21.897286
3.9	7.226347	4.665345	11.891691	21.882166
3.91	7.517459	4.374619	11.892078	21.867190
3.92	7.793032	4.099432	11.892464	21.852369
3.93	8.048653	3.844197	11.892850	21.837712
3.94	8.280220	3.613017	11.893237	21.823226
3.95	8.484006	3.409617	11.893623	21.808917
3.96	8.656723	3.237285	11.894009	21.794792
3.97	8.795577	3.098818	11.894395	21.780855
3.98	8.898308	2.996472	11.894780	21.767110
3.99	8.963236	2.931929	11.895166	21.753560
4	8.989284	2.906267	11.895551	21.740206
4.01	8.975997	2.919939	11.895936	21.727049
4.02	8.923552	2.972769	11.896321	21.714089
4.03	8.832752	3.063954	11.896706	21.701325
4.04	8.705019	3.192071	11.897090	21.688756
4.05	8.542367	3.355107	11.897474	21.676379
4.06	8.347374	3.550484	11.897858	21.664190
4.07	8.123135	3.775107	11.898242	21.652186
4.08	7.873218	4.025408	11.898626	21.640362
4.09	7.601602	4.297407	11.899009	21.628712
4.1	7.312616	4.586776	11.899392	21.617232
4.11	7.010866	4.888909	11.899775	21.605913
4.12	6.701165	5.198993	11.900158	21.594751
4.13	6.388449	5.512092	11.900541	21.583737
4.14	6.077705	5.823218	11.900923	21.572864
4.15	5.773884	6.127422	11.901306	21.562124
4.16	5.481826	6.419862	11.901688	21.551510
4.17	5.206180	6.695890	11.902070	21.541012
4.18	4.951331	6.951122	11.902452	21.530623
4.19	4.721328	7.181507	11.902835	21.520334
4.2	4.519821	7.383395	11.903217	21.510138
4.21	4.350002	7.553596	11.903599	21.500025
4.22	4.214554	7.689427	11.903981	21.489989
4.23	4.115604	7.788759	11.904363	21.480020
4.24	4.054696	7.850049	11.904745	21.470112
4.25	4.032759	7.872369	11.905127	21.460256
4.26	4.050092	7.855417	11.905509	21.450448
4.27	4.106362	7.799530	11.905892	21.440678
4.28	4.200603	7.705670	11.906274	21.430943
4.29	4.331234	7.575422	11.906656	21.421236
4.3	4.496078	7.410959	11.907038	21.411551
4.31	4.692401	7.215018	11.907420	21.401886
4.32	4.916950	6.990851	11.907802	21.392236
4.33	5.166006	6.742178	11.908184	21.382598
4.34	5.435440	6.473125	11.908565	21.372970
4.35	5.720784	6.188163	11.908947	21.363349
4.36	6.017295	5.892033	11.909328	21.353736
4.37	6.320039	5.589671	11.909710	21.344130
4.38	6.623962	5.286128	11.910091	21.334532
4.39	6.923980	4.986491	11.910472	21.324943
4.4	7.215057	4.695795	11.910852	21.315365
4.41	7.492288	4.418945	11.911232	21.305802
4.42	7.750980	4.160633	11.911612	21.296258
4.43	7.986730	3.925262	11.911992	21.286737
4.44	8.195500	3.716871	11.912371	21.277245
4.45	8.373679	3.539071	11.912750	21.267788
4.46	8.518148	3.394980	11.913128	21.258373
4.47	8.626332	3.287174	11.913506	21.249009
4.48	8.696242	3.217641	11.913883	21.239703
4.49	8.726512	3.187747	11.914259	21.230465
4.5	8.716424	3.198210	11.914635	21.221305
4.51	8.665918	3.249091	11.915009	21.212234
4.52	8.575598	3.339785	11.915383	21.203262
4.53	8.446723	3.469033	11.915757	21.194403
4.54	8.281188	3.634941	11.916129	21.185667
4.55	8.081494	3.835006	11.916500	21.177067
4.56	7.850711	4.066160	11.916870	21.168618
4.57	7.592425	4.324815	11.917240	21.160332
4.58	7.310686	4.606923	11.917608	21.152223
4.59	7.009936	4.908040	11.917976	21.144306
4.6	6.694944	5.223399	11.918342	21.136594
4.61	6.370725	5.547983	11.918708	21.129102
4.62	6.042462	5.876611	11.919073	21.121846
4.63	5.715422	6.204015	11.919437	21.114838
4.64	5.394874	6.524927	11.919801	21.108094
4.65	5.086001	6.834163	11.920164	21.101629
4.66	4.793828	7.126699	11.920527	21.095455
4.67	4.523133	7.397756	11.920889	21.089588
4.68	4.278382	7.642868	11.921250	21.084041
4.69	4.063660	7.857952	11.921612	21.078827
4.7	3.882606	8.039368	11.921973	21.073959
4.71	3.738361	8.183973	11.922335	21.069449
4.72	3.633527	8.289169	11.922696	21.065309
4.73	3.570119	8.352938	11.923057	21.061551
4.74	3.549549	8.373869	11.923418	21.058184
4.75	3.572595	8.351185	11.923780	21.055218
4.76	3.639397	8.284744	11.924141	21.052663
4.77	3.749451	8.175052	11.924503	21.050525
4.78	3.901619	8.023245	11.924864	21.048814
4.79	4.094143	7.831082	11.925225	21.047534
4.8	4.324668	7.600918	11.925587	21.046690
4.81	4.590277	7.335671	11.925948	21.046288
4.82	4.887527	7.038781	11.926309	21.046329
4.83	5.212502	6.714168	11.926670	21.046817
4.84	5.560861	6.366169	11.927030	21.047752
4.85	5.927903	5.999487	11.927390	21.049134
4.86	6.308631	5.619119	11.927750	21.050960
4.87	6.697823	5.230286	11.928109	21.053230
4.88	7.090105	4.838362	11.928468	21.055938
4.89	7.480030	4.448795	11.928825	21.059079
4.9	7.862154	4.067028	11.929182	21.062648
4.91	8.231116	3.698422	11.929539	21.066636
4.92	8.581715	3.348179	11.929894	21.071034
4.93	8.908987	3.021261	11.930248	21.075834
4.94	9.208276	2.722325	11.930601	21.081022
4.95	9.475304	2.455648	11.930953	21.086588
4.96	9.706233	2.225070	11.931303	21.092516
4.97	9.897720	2.033932	11.931652	21.098793
4.98	10.046967	1.885032	11.931999	21.105401
4.99	10.151761	1.780583	11.932344	21.112325
5	10.210506	1.722182	11.932687	21.119545
5.01	10.222243	1.710785	11.933028	21.127042
5.02	10.186666	1.746702	11.933367	21.134797
5.03	10.104119	1.829585	11.933704	21.142787
5.04	9.975593	1.958446	11.934039	21.150992
5.05	9.802706	2.131665	11.934371	21.159386
5.06	9.587676	2.347025	11.934701	21.167947
5.07	9.333286	2.601742	11.935028	21.176651
5.08	9.042842	2.892511	11.935353	21.185471
5.09	8.720118	3.215558	11.935676	21.194382
5.1	8.369302	3.566694	11.935996	21.203358
5.11	7.994933	3.941381	11.936314	21.212371
5.12	7.601836	4.334794	11.936630	21.221394
5.13	7.195051	4.741893	11.936944	21.230399
5.14	6.779765	5.157491	11.937256	21.239358
5.15	6.361239	5.576328	11.937567	21.248243
5.16	5.944741	5.993135	11.937876	21.257025
5.17	5.535476	6.402707	11.938183	21.265677
5.18	5.138522	6.799967	11.938490	21.274169
5.19	4.758769	7.180027	11.938795	21.282473
5.2	4.400856	7.538244	11.939100	21.290561
5.21	4.069128	7.870276	11.939404	21.298405
5.22	3.767579	8.172129	11.939708	21.305978
5.23	3.499813	8.440199	11.940011	21.313252
5.24	3.269007	8.671308	11.940314	21.320201
5.25	3.077879	8.862738	11.940617	21.326798
5.26	2.928662	9.012258	11.940920	21.333018
5.27	2.823083	9.118140	11.941223	21.338836
5.28	2.762348	9.179178	11.941526	21.344228
5.29	2.747133	9.194696	11.941829	21.349171
5.3	2.777578	9.164553	11.942131	21.353642
5.31	2.853292	9.089143	11.942434	21.357621
5.32	2.973354	8.969383	11.942737	21.361087
5.33	3.136331	8.806709	11.943040	21.364021
5.34	3.340291	8.603052	11.943343	21.366404
5.35	3.582826	8.360819	11.943645	21.368220
5.36	3.861081	8.082867	11.943948	21.369454
5.37	4.171784	7.772466	11.944250	21.370090
5.38	4.511285	7.433266	11.944552	21.370117
5.39	4.875598	7.069256	11.944853	21.369522
5.4	5.260442	6.684712	11.945155	21.368296
5.41	5.661300	6.284156	11.945456	21.366429
5.42	6.073460	5.872296	11.945756	21.363914
5.43	6.492081	5.453975	11.946056	21.360747
5.44	6.912246	5.034110	11.946356	21.356921
5.45	7.329019	4.617635	11.946655	21.352436
5.46	7.737513	4.209440	11.946953	21.347289
5.47	8.132940	3.814311	11.947251	21.341480
5.48	8.510680	3.436868	11.947548	21.335013
5.49	8.866331	3.081513	11.947844	21.327890
5.5	9.195768	2.752372	11.948139	21.320116
5.51	9.495194	2.453240	11.948433	21.311698
5.52	9.761187	2.187539	11.948726	21.302644
5.53	9.990745	1.958273	11.949018	21.292963
5.54	10.181320	1.767989	11.949309	21.282666
5.55	10.330850	1.618747	11.949598	21.271765
5.56	10.437787	1.512099	11.949885	21.260275
5.57	10.501107	1.449064	11.950171	21.248211
5.58	10.520327	1.430127	11.950454	21.235588
5.59	10.495506	1.455231	11.950736	21.222425
5.6	10.427234	1.523783	11.951016	21.208741
5.61	10.316627	1.634667	11.951294	21.194556
5.62	10.165302	1.786267	11.951569	21.179890
5.63	9.975355	1.976487	11.951842	21.164767
5.64	9.749321	2.202792	11.952113	21.149210
5.65	9.490141	2.462240	11.952381	21.133243
5.66	9.201116	2.751531	11.952647	21.116891
5.67	8.885858	3.067053	11.952911	21.100181
5.68	8.548239	3.404933	11.953172	21.083139
5.69	8.192336	3.761095	11.953431	21.065792
5.7	7.822377	4.131311	11.953688	21.048168
5.71	7.442684	4.511259	11.953943	21.030297
5.72	7.057616	4.896580	11.954196	21.012207
5.73	6.671515	5.282932	11.954447	20.993927
5.74	6.288654	5.666042	11.954696	20.975487
5.75	5.913185	6.041759	11.954944	20.956918
5.76	5.549095	6.406096	11.955191	20.938248
5.77	5.200161	6.755275	11.955436	20.919509
5.78	4.869914	7.085767	11.955681	20.900730
5.79	4.561603	7.394321	11.955924	20.881942
5.8	4.278168	7.677999	11.956167	20.863174
5.81	4.022213	7.934196	11.956409	20.844455
5.82	3.795992	8.160659	11.956651	20.825816
5.83	3.601388	8.355505	11.956892	20.807285
5.84	3.439906	8.517228	11.957133	20.788891
5.85	3.312670	8.644705	11.957374	20.770660
5.86	3.220415	8.737200	11.957615	20.752622
5.87	3.163497	8.794359	11.957856	20.734802
5.88	3.141891	8.816206	11.958097	20.717226
5.89	3.155205	8.803133	11.958338	20.699919
5.9	3.202690	8.755889	11.958578	20.682906
5.91	3.283254	8.675565	11.958819	20.666210
5.92	3.395485	8.563575	11.959060	20.649854
5.93	3.537661	8.421639	11.959300	20.633857
5.94	3.707781	8.251759	11.959541	20.618242
5.95	3.903586	8.056195	11.959781	20.603027
5.96	4.122583	7.837438	11.960022	20.588230
5.97	4.362077	7.598185	11.960262	20.573867
5.98	4.619197	7.341305	11.960502	20.559955
5.99	4.890930	7.069813	11.960742	20.546508
6	5.174151	6.786831	11.960982	20.533538
6.01	5.465660	6.495562	11.961222	20.521058
6.02	5.762212	6.199249	11.961462	20.509077
6.03	6.060557	5.901145	11.961701	20.497605
6.04	6.357469	5.604472	11.961941	20.486650
6.05	6.649788	5.312392	11.962180	20.476216
6.06	6.934450	5.027970	11.962419	20.466310
6.07	7.208522	4.754137	11.962659	20.456935
6.08	7.469237	4.493661	11.962898	20.448092
6.09	7.714021	4.249115	11.963137	20.439783
6.1	7.940526	4.022849	11.963375	20.432006
6.11	8.146653	3.816961	11.963614	20.424758
6.12	8.330577	3.633275	11.963852	20.418038
6.13	8.490766	3.473325	11.964090	20.411839
6.14	8.625999	3.338329	11.964328	20.406155
6.15	8.735378	3.229187	11.964565	20.400979
6.16	8.818336	3.146466	11.964802	20.396302
6.17	8.874642	3.090397	11.965039	20.392112
6.18	8.904397	3.060878	11.965275	20.388400
6.19	8.908036	3.057475	11.965510	20.385152
6.2	8.886311	3.079434	11.965745	20.382354
6.21	8.840283	3.125696	11.965979	20.379991
6.22	8.771304	3.194909	11.966213	20.378047
6.23	8.680989	3.285456	11.966445	20.376505
6.24	8.571201	3.395476	11.966677	20.375347
6.25	8.444013	3.522895	11.966908	20.374553
6.26	8.301683	3.665454	11.967138	20.374102
6.27	8.146620	3.820747	11.967366	20.373976
6.28	7.981344	3.986251	11.967594	20.374150
6.29	7.808456	4.159365	11.967821	20.374603
6.3	7.630597	4.337450	11.968047	20.375311
6.31	7.450411	4.517861	11.968272	20.376251
6.32	7.270509	4.697987	11.968496	20.377397
6.33	7.093433	4.875287	11.968719	20.378725
6.34	6.921619	5.047322	11.968941	20.380209
6.35	6.757369	5.211793	11.969162	20.381823
6.36	6.602818	5.366565	11.969383	20.383541
6.37	6.459904	5.509698	11.969602	20.385336
6.38	6.330348	5.639472	11.969821	20.387180
6.39	6.215633	5.754405	11.970039	20.389048
6.4	6.116984	5.853272	11.970256	20.390911
6.41	6.035357	5.935116	11.970473	20.392743
6.42	5.971428	5.999261	11.970689	20.394516
6.43	5.925591	6.045314	11.970904	20.396203
6.44	5.897955	6.073165	11.971119	20.397777
6.45	5.888348	6.082986	11.971334	20.399212
6.46	5.896325	6.075224	11.971549	20.400480
6.47	5.921177	6.050586	11.971763	20.401556
6.48	5.961950	6.010027	11.971977	20.402413
6.49	6.017459	5.954732	11.972191	20.403027
6.5	6.086313	5.886092	11.972404	20.403371
6.51	6.166938	5.805680	11.972618	20.403422
6.52	6.257605	5.715226	11.972831	20.403155
6.53	6.356459	5.616586	11.973045	20.402548
6.54	6.461547	5.511710	11.973258	20.401577
6.55	6.570857	5.402614	11.973471	20.400221
6.56	6.682344	5.291340	11.973685	20.398459
6.57	6.793966	5.179932	11.973898	20.396270
6.58	6.903719	5.070393	11.974111	20.393634
6.59	7.009666	4.964659	11.974325	20.390533
6.6	7.109971	4.864567	11.974538	20.386949
6.61	7.202930	4.771822	11.974752	20.382865
6.62	7.286995	4.687971	11.974965	20.378265
6.63	7.360802	4.614377	11.975179	20.373135
6.64	7.423192	4.552200	11.975392	20.367460
6.65	7.473234	4.502371	11.975606	20.361227
6.66	7.510236	4.465583	11.975819	20.354424
6.67	7.533756	4.442276	11.976032	20.347041
6.68	7.543618	4.432627	11.976245	20.339068
6.69	7.539905	4.436553	11.976458	20.330496
6.7	7.522965	4.453705	11.976670	20.321317
6.71	7.493405	4.483478	11.976883	20.311526
6.72	7.452080	4.525015	11.977095	20.301116
6.73	7.400079	4.577228	11.977306	20.290083
6.74	7.338711	4.638807	11.977518	20.278424
6.75	7.269481	4.708248	11.977729	20.266138
6.76	7.194066	4.783873	11.977939	20.253222
6.77	7.114288	4.863861	11.978150	20.239677
6.78	7.032085	4.946275	11.978360	20.225505
6.79	6.949474	5.029095	11.978569	20.210707
6.8	6.868526	5.110252	11.978778	20.195287
6.81	6.791322	5.187665	11.978987	20.179249
6.82	6.719925	5.259270	11.979195	20.162599
6.83	6.656342	5.323062	11.979403	20.145343
6.84	6.602488	5.377123	11.979611	20.127488
6.85	6.560156	5.419663	11.979819	20.109043
6.86	6.530985	5.449041	11.980026	20.090017
6.87	6.516430	5.463803	11.980233	20.070420
6.88	6.517736	5.462704	11.980440	20.050264
6.89	6.535915	5.444732	11.980647	20.029561
6.9	6.571727	5.409126	11.980854	20.008323
6.91	6.625664	5.355396	11.981061	19.986564
6.92	6.697936	5.283331	11.981267	19.964300
6.93	6.788467	5.193007	11.981474	19.941544
6.94	6.896889	5.084792	11.981681	19.918313
6.95	7.022544	4.959344	11.981888	19.894625
6.96	7.164490	4.817605	11.982095	19.870496
6.97	7.321509	4.660793	11.982302	19.845945
6.98	7.492121	4.490388	11.982510	19.820991
6.99	7.674604	4.308114	11.982717	19.795652
7	7.867008	4.115916	11.982925	19.769948
7.01	8.067190	3.915942	11.983132	19.743901
7.02	8.272829	3.710510	11.983340	19.717531
7.03	8.481467	3.502080	11.983547	19.690860
7.04	8.690532	3.293223	11.983755	19.663908
7.05	8.897377	3.086586	11.983963	19.636699
7.06	9.099311	2.884860	11.984170	19.609255
7.07	9.293638	2.690740	11.984378	19.581598
7.08	9.477692	2.506893	11.984586	19.553753
7.09	9.648872	2.335921	11.984793	19.525742
7.1	9.804676	2.180324	11.985000	19.497588
7.11	9.942739	2.042468	11.985207	19.469316
7.12	10.060862	1.924552	11.985414	19.440950
7.13	10.157045	1.828576	11.985621	19.412513
7.14	10.229514	1.756313	11.985828	19.384030
7.15	10.276749	1.709285	11.986034	19.355524
7.16	10.297502	1.688738	11.986240	19.327020
7.17	10.290823	1.695623	11.986446	19.298542
7.18	10.256069	1.730582	11.986652	19.270114
7.19	10.192923	1.793935	11.986857	19.241759
7.2	10.101393	1.885669	11.987062	19.213502
7.21	9.981825	2.005442	11.987267	19.185366
7.22	9.834897	2.152574	11.987471	19.157374
7.23	9.661616	2.326060	11.987675	19.129550
7.24	9.463308	2.524571	11.987879	19.101915
7.25	9.241609	2.746474	11.988083	19.074494
7.26	8.998444	2.989842	11.988286	19.047307
7.27	8.736009	3.252480	11.988489	19.020377
7.28	8.456749	3.531943	11.988692	18.993724
7.29	8.163325	3.825569	11.988894	18.967371
7.3	7.858593	4.130503	11.989096	18.941336
7.31	7.545565	4.443733	11.989298	18.915640
7.32	7.227377	4.762123	11.989500	18.890302
7.33	6.907254	5.082447	11.989701	18.865342
7.34	6.588476	5.401427	11.989902	18.840775
7.35	6.274332	5.715771	11.990103	18.816621
7.36	5.968092	6.022212	11.990304	18.792896
7.37	5.672964	6.317541	11.990504	18.769616
7.38	5.392058	6.598647	11.990705	18.746796
7.39	5.128353	6.862552	11.990905	18.724451
7.4	4.884660	7.106446	11.991105	18.702593
7.41	4.663592	7.327713	11.991305	18.681237
7.42	4.467536	7.523969	11.991505	18.660393
7.43	4.298623	7.693082	11.991705	18.640073
7.44	4.158707	7.833197	11.991905	18.620287
7.45	4.049345	7.942760	11.992105	18.601045
7.46	3.971778	8.020526	11.992305	18.582353
7.47	3.926921	8.065583	11.992504	18.564221
7.48	3.915353	8.077352	11.992704	18.546652
7.49	3.937308	8.055596	11.992904	18.529654
7.5	3.992682	8.000422	11.993104	18.513230
7.51	4.081026	7.912277	11.993303	18.497383
7.52	4.201561	7.791943	11.993503	18.482114
7.53	4.353180	7.640523	11.993703	18.467426
7.54	4.534469	7.459433	11.993903	18.453317
7.55	4.743719	7.250383	11.994102	18.439787
7.56	4.978946	7.015356	11.994302	18.426832
7.57	5.237917	6.756585	11.994502	18.414450
7.58	5.518171	6.476530	11.994701	18.402635
7.59	5.817052	6.177849	11.994900	18.391382
7.6	6.131732	5.863368	11.995099	18.380683
7.61	6.459246	5.536053	11.995298	18.370531
7.62	6.796523	5.198974	11.995497	18.360916
7.63	7.140421	4.855275	11.995696	18.351828
7.64	7.487754	4.508140	11.995894	18.343255
7.65	7.835333	4.160758	11.996091	18.335185
7.66	8.179994	3.816294	11.996289	18.327604
7.67	8.518633	3.477853	11.996486	18.320497
7.68	8.848235	3.148447	11.996682	18.313849
7.69	9.165905	2.830973	11.996878	18.307643
7.7	9.468899	2.528175	11.997073	18.301860
7.71	9.754644	2.242624	11.997268	18.296482
7.72	10.020770	1.976692	11.997462	18.291490
7.73	10.265123	1.732531	11.997655	18.286861
7.74	10.485793	1.512054	11.997847	18.282576
7.75	10.681122	1.316917	11.998038	18.278610
7.76	10.849721	1.148508	11.998229	18.274942
7.77	10.990479	1.007939	11.998418	18.271546
7.78	11.102572	0.896035	11.998607	18.268398
7.79	11.185461	0.813333	11.998794	18.265473
7.8	11.238897	0.760083	11.998980	18.262743
7.81	11.262919	0.736246	11.999165	18.260183
7.82	11.257842	0.741507	11.999349	18.257764
7.83	11.224255	0.775276	11.999531	18.255459
7.84	11.163006	0.836707	11.999712	18.253240
7.85	11.075187	0.924705	11.999892	18.251077
7.86	10.962120	1.037951	12.000070	18.248941
7.87	10.825338	1.174910	12.000247	18.246802
7.88	10.666563	1.333860	12.000423	18.244632
7.89	10.487686	1.512910	12.000596	18.242399
7.9	10.290744	1.710025	12.000769	18.240074
7.91	10.077894	1.923046	12.000940	18.237627
7.92	9.851389	2.149721	12.001110	18.235027
7.93	9.613556	2.387722	12.001278	18.232244
7.94	9.366767	2.634678	12.001445	18.229249
7.95	9.113416	2.888194	12.001610	18.226011
7.96	8.855897	3.145877	12.001774	18.222500
7.97	8.596577	3.405360	12.001937	18.218688
7.98	8.337775	3.664324	12.002099	18.214545
7.99	8.081742	3.920516	12.002259	18.210043
8	7.830642	4.171776	12.002418	18.205154
8.01	7.586528	4.416048	12.002576	18.199850
8.02	7.351334	4.651399	12.002733	18.194105
8.03	7.126852	4.876037	12.002889	18.187891
8.04	6.914725	5.088319	12.003044	18.181185
8.05	6.716432	5.286766	12.003198	18.173960
8.06	6.533282	5.470070	12.003352	18.166194
8.07	6.366403	5.637102	12.003504	18.157864
8.08	6.216739	5.786917	12.003656	18.148947
8.09	6.085048	5.918759	12.003808	18.139422
8.1	5.971898	6.032060	12.003958	18.129270
8.11	5.877668	6.126441	12.004109	18.118472
8.12	5.802551	6.201707	12.004258	18.107011
8.13	5.746559	6.257849	12.004408	18.094870
8.14	5.709524	6.295032	12.004557	18.082034
8.15	5.691114	6.313592	12.004706	18.068490
8.16	5.690832	6.314022	12.004854	18.054224
8.17	5.708033	6.296970	12.005003	18.039227
8.18	5.741931	6.263220	12.005151	18.023488
8.19	5.791615	6.213684	12.005299	18.006998
8.2	5.856058	6.149389	12.005447	17.989753
8.21	5.934135	6.071460	12.005595	17.971745
8.22	6.024634	5.981109	12.005743	17.952971
8.23	6.126273	5.879618	12.005891	17.933430
8.24	6.237712	5.768327	12.006039	17.913120
8.25	6.357575	5.648612	12.006187	17.892042
8.26	6.484455	5.521881	12.006335	17.870198
8.27	6.616936	5.389547	12.006483	17.847593
8.28	6.753608	5.253024	12.006632	17.824232
8.29	6.893073	5.113707	12.006780	17.800121
8.3	7.033967	4.972961	12.006928	17.775270
8.31	7.174967	4.832110	12.007077	17.749687
8.32	7.314804	4.692421	12.007225	17.723385
8.33	7.452275	4.555099	12.007374	17.696377
8.34	7.586248	4.421274	12.007522	17.668677
8.35	7.715677	4.291994	12.007671	17.640301
8.36	7.839602	4.168217	12.007819	17.611265
8.37	7.957161	4.050807	12.007968	17.581589
8.38	8.067592	3.940524	12.008116	17.551292
8.39	8.170236	3.838028	12.008264	17.520396
8.4	8.264543	3.743869	12.008413	17.488923
8.41	8.350069	3.658492	12.008561	17.456896
8.42	8.426478	3.582232	12.008709	17.424339
8.43	8.493541	3.515317	12.008857	17.391280
8.44	8.551135	3.457870	12.009005	17.357744
8.45	8.599239	3.409914	12.009153	17.323759
8.46	8.637931	3.371369	12.009301	17.289354
8.47	8.667382	3.342067	12.009448	17.254558
8.48	8.687850	3.321746	12.009596	17.219402
8.49	8.699678	3.310065	12.009743	17.183916
8.5	8.703283	3.306608	12.009890	17.148131
8.51	8.699150	3.310887	12.010037	17.112081
8.52	8.687828	3.322356	12.010184	17.075797
8.53	8.669917	3.340414	12.010330	17.039312
8.54	8.646061	3.364415	12.010477	17.002661
8.55	8.616945	3.393678	12.010623	16.965876
8.56	8.583280	3.427489	12.010769	16.928991
8.57	8.545799	3.465116	12.010915	16.892041
8.58	8.505246	3.505814	12.011061	16.855059
8.59	8.462372	3.548834	12.011206	16.818079
8.6	8.417922	3.593430	12.011351	16.781135
8.61	8.372632	3.638865	12.011497	16.744260
8.62	8.327219	3.684422	12.011642	16.707489
8.63	8.282378	3.729409	12.011786	16.670854
8.64	8.238768	3.773164	12.011931	16.634387
8.65	8.197014	3.815062	12.012076	16.598122
8.66	8.157699	3.854522	12.012220	16.562089
8.67	8.121356	3.891009	12.012364	16.526319
8.68	8.088469	3.924040	12.012509	16.490844
8.69	8.059464	3.953188	12.012653	16.455691
8.7	8.034713	3.978084	12.012797	16.420891
8.71	8.014522	3.998419	12.012941	16.386470
8.72	7.999138	4.013947	12.013085	16.352456
8.73	7.988745	4.024484	12.013228	16.318875
8.74	7.983462	4.029910	12.013372	16.285752
8.75	7.983346	4.030170	12.013516	16.253109
8.76	7.988393	4.025268	12.013660	16.220970
8.77	7.998535	4.015269	12.013804	16.189356
8.78	8.013651	4.000297	12.013948	16.158288
8.79	8.033563	3.980530	12.014093	16.127783
8.8	8.058039	3.956198	12.014237	16.097860
8.81	8.086803	3.927578	12.014381	16.068534
8.82	8.119534	3.894992	12.014526	16.039820
8.83	8.155873	3.858798	12.014671	16.011731
8.84	8.195426	3.819390	12.014816	15.984280
8.85	8.237772	3.777190	12.014962	15.957475
8.86	8.282465	3.732642	12.015108	15.931327
8.87	8.329043	3.686211	12.015254	15.905842
8.88	8.377030	3.638370	12.015400	15.881026
8.89	8.425943	3.589604	12.015547	15.856884
8.9	8.475298	3.540396	12.015693	15.833417
8.91	8.524613	3.491228	12.015841	15.810627
8.92	8.573413	3.442575	12.015988	15.788513
8.93	8.621239	3.394898	12.016136	15.767074
8.94	8.667643	3.348641	12.016285	15.746306
8.95	8.712202	3.304231	12.016433	15.726203
8.96	8.754514	3.262068	12.016582	15.706760
8.97	8.794205	3.222526	12.016732	15.687967
8.98	8.830929	3.185952	12.016881	15.669817
8.99	8.864372	3.152659	12.017031	15.652296
9	8.894252	3.122929	12.017182	15.635394
9.01	8.920324	3.097008	12.017332	15.619097
9.02	8.942374	3.075109	12.017483	15.603389
9.03	8.960225	3.057409	12.017634	15.588254
9.04	8.973737	3.044048	12.017785	15.573675
9.05	8.982801	3.035136	12.017937	15.559632
9.06	8.987346	3.030743	12.018089	15.546106
9.07	8.987330	3.030911	12.018241	15.533076
9.08	8.982745	3.035648	12.018393	15.520520
9.09	8.973612	3.044932	12.018545	15.508414
9.1	8.959981	3.058716	12.018697	15.496735
9.11	8.941927	3.076923	12.018849	15.485459
9.12	8.919548	3.099453	12.019002	15.474558
9.13	8.892967	3.126187	12.019154	15.464008
9.14	8.862324	3.156982	12.019306	15.453781
9.15	8.827778	3.191680	12.019459	15.443849
9.16	8.789503	3.230108	12.019611	15.434186
9.17	8.747686	3.272078	12.019763	15.424761
9.18	8.702526	3.317389	12.019915	15.415547
9.19	8.654233	3.365834	12.020067	15.406514
9.2	8.603025	3.417194	12.020219	15.397634
9.21	8.549127	3.471244	12.020371	15.388876
9.22	8.492770	3.527753	12.020522	15.380211
9.23	8.434191	3.586483	12.020674	15.371610
9.24	8.373633	3.647192	12.020825	15.363043
9.25	8.311342	3.709634	12.020976	15.354482
9.26	8.247570	3.773556	12.021127	15.345896
9.27	8.182574	3.838703	12.021277	15.337259
9.28	8.116615	3.904813	12.021427	15.328541
9.29	8.049961	3.971617	12.021578	15.319715
9.3	7.982886	4.038841	12.021727	15.310754
9.31	7.915673	4.106204	12.021877	15.301631
9.32	7.848610	4.173416	12.022027	15.292320
9.33	7.781997	4.240179	12.022176	15.282796
9.34	7.716141	4.306184	12.022325	15.273034
9.35	7.651360	4.371114	12.022474	15.263012
9.36	7.587982	4.434641	12.022623	15.252706
9.37	7.526344	4.496427	12.022771	15.242095
9.38	7.466793	4.556127	12.022920	15.231158
9.39	7.409684	4.613384	12.023068	15.219876
9.4	7.355379	4.667837	12.023216	15.208230
9.41	7.304246	4.719118	12.023364	15.196203
9.42	7.256654	4.766858	12.023512	15.183778
9.43	7.212972	4.810687	12.023660	15.170942
9.44	7.173566	4.850241	12.023807	15.157679
9.45	7.138793	4.885162	12.023955	15.143979
9.46	7.108997	4.915105	12.024102	15.129829
9.47	7.084507	4.939743	12.024250	15.115220
9.48	7.065626	4.958771	12.024397	15.100144
9.49	7.052632	4.971913	12.024544	15.084594
9.5	7.045768	4.978924	12.024692	15.068563
9.51	7.045238	4.979601	12.024839	15.052049
9.52	7.051201	4.973786	12.024987	15.035047
9.53	7.063766	4.961368	12.025134	15.017556
9.54	7.082988	4.942294	12.025282	14.999577
9.55	7.108861	4.916569	12.025430	14.981109
9.56	7.141316	4.884261	12.025577	14.962156
9.57	7.180218	4.845508	12.025725	14.942722
9.58	7.225361	4.800513	12.025874	14.922812
9.59	7.276471	4.749551	12.026022	14.902431
9.6	7.333201	4.692969	12.026170	14.881588
9.61	7.395135	4.631184	12.026319	14.860292
9.62	7.461785	4.564683	12.026468	14.838553
9.63	7.532599	4.494018	12.026617	14.816381
9.64	7.606962	4.419805	12.026766	14.793790
9.65	7.684201	4.342715	12.026916	14.770792
9.66	7.763592	4.263473	12.027065	14.747402
9.67	7.844367	4.182848	12.027215	14.723636
9.68	7.925722	4.101643	12.027365	14.699509
9.69	8.006825	4.020690	12.027515	14.675039
9.7	8.086828	3.940837	12.027665	14.650244
9.71	8.164878	3.862937	12.027815	14.625142
9.72	8.240127	3.787839	12.027966	14.599753
9.73	8.311742	3.716374	12.028116	14.574098
9.74	8.378923	3.649344	12.028266	14.548196
9.75	8.440908	3.587508	12.028417	14.522069
9.76	8.496993	3.531574	12.028567	14.495738
9.77	8.546536	3.482181	12.028718	14.469226
9.78	8.588976	3.439892	12.028868	14.442555
9.79	8.623837	3.405181	12.029018	14.415748
9.8	8.650745	3.378423	12.029168	14.388827
9.81	8.669430	3.359887	12.029318	14.361815
9.82	8.679742	3.349725	12.029467	14.334735
9.83	8.681647	3.347970	12.029616	14.307610
9.84	8.675240	3.354525	12.029765	14.280464
9.85	8.660746	3.369168	12.029914	14.253318
9.86	8.638518	3.391544	12.030062	14.226196
9.87	8.609038	3.421172	12.030209	14.199119
9.88	8.572915	3.457442	12.030356	14.172111
9.89	8.530878	3.499625	12.030503	14.145191
9.9	8.483769	3.546880	12.030649	14.118383
9.91	8.432534	3.598260	12.030794	14.091705
9.92	8.378210	3.652729	12.030939	14.065179
9.93	8.321914	3.709169	12.031083	14.038824
9.94	8.264826	3.766401	12.031226	14.012659
9.95	8.208171	3.823198	12.031369	13.986701
9.96	8.153205	3.878305	12.031511	13.960969
9.97	8.101192	3.930460	12.031652	13.935479
9.98	8.053383	3.978409	12.031792	13.910247
9.99	8.011001	4.020930	12.031932	13.885287
10	7.975215	4.056856	12.032071	13.860614
