#time	ekin		epot		etot		chain_length
0	11.740600	0.000218	11.740818	22.000227
0.01	11.705030	0.039644	11.744674	22.031913
0.02	11.592946	0.155586	11.748532	22.063537
0.03	11.405969	0.346421	11.752390	22.095039
0.04	11.146831	0.609419	11.756251	22.126357
0.05	10.819331	0.940782	11.760112	22.157430
0.06	10.428278	1.335698	11.763976	22.188198
0.07	9.979422	1.788418	11.767840	22.218600
0.08	9.479369	2.292337	11.771706	22.248580
0.09	8.935476	2.840097	11.775573	22.278079
0.1	8.355748	3.423694	11.779442	22.307042
0.11	7.748713	4.034599	11.783312	22.335415
0.12	7.123297	4.663887	11.787184	22.363145
0.13	6.488688	5.302369	11.791057	22.390182
0.14	5.854199	5.940732	11.794931	22.416476
0.15	5.229130	6.569677	11.798807	22.441982
0.16	4.622625	7.180059	11.802684	22.466655
0.17	4.043539	7.763024	11.806562	22.490453
0.18	3.500301	8.310141	11.810442	22.513338
0.19	3.000794	8.813529	11.814323	22.535272
0.2	2.552230	9.265976	11.818206	22.556221
0.21	2.161049	9.661041	11.822090	22.576156
0.22	1.832818	9.993158	11.825976	22.595046
0.23	1.572152	10.257711	11.829863	22.612868
0.24	1.382645	10.451106	11.833751	22.629599
0.25	1.266818	10.570823	11.837641	22.645221
0.26	1.226080	10.615452	11.841532	22.659717
0.27	1.260714	10.584712	11.845425	22.673074
0.28	1.369867	10.479452	11.849319	22.685284
0.29	1.551574	10.301641	11.853215	22.696341
0.3	1.802782	10.054330	11.857112	22.706240
0.31	2.119403	9.741607	11.861011	22.714983
0.32	2.496376	9.368535	11.864911	22.722573
0.33	2.927743	8.941069	11.868812	22.729017
0.34	3.406748	8.465967	11.872715	22.734324
0.35	3.925934	7.950686	11.876619	22.738508
0.36	4.477259	7.403266	11.880525	22.741584
0.37	5.052223	6.832209	11.884432	22.743571
0.38	5.641995	6.246346	11.888341	22.744491
0.39	6.237547	5.654705	11.892251	22.744368
0.4	6.829793	5.066370	11.896163	22.743231
0.41	7.409729	4.490346	11.900076	22.741109
0.42	7.968568	3.935422	11.903990	22.738034
0.43	8.497872	3.410034	11.907906	22.734041
0.44	8.989684	2.922140	11.911824	22.729167
0.45	9.436644	2.479099	11.915743	22.723452
0.46	9.832103	2.087560	11.919663	22.716937
0.47	10.170222	1.753363	11.923585	22.709665
0.48	10.446059	1.481449	11.927508	22.701681
0.49	10.655644	1.275789	11.931432	22.693030
0.5	10.796035	1.139323	11.935359	22.683762
0.51	10.865365	1.073921	11.939286	22.673924
0.52	10.862864	1.080351	11.943215	22.663568
0.53	10.788870	1.158275	11.947145	22.652743
0.54	10.644822	1.306255	11.951077	22.641501
0.55	10.433234	1.521776	11.955010	22.629896
0.56	10.157658	1.801287	11.958945	22.617978
0.57	9.822620	2.140261	11.962881	22.605802
0.58	9.433557	2.533261	11.966818	22.593421
0.59	8.996724	2.974033	11.970757	22.580885
0.6	8.519100	3.455597	11.974697	22.568250
0.61	8.008280	3.970358	11.978639	22.555566
0.62	7.472353	4.510229	11.982582	22.542884
0.63	6.919779	5.066747	11.986526	22.530256
0.64	6.359257	5.631215	11.990472	22.517731
0.65	5.799592	6.194827	11.994419	22.505358
0.66	5.249557	6.748810	11.998367	22.493184
0.67	4.717758	7.284559	12.002317	22.481255
0.68	4.212503	7.793766	12.006269	22.469615
0.69	3.741672	8.268550	12.010222	22.458308
0.7	3.312598	8.701578	12.014176	22.447374
0.71	2.931952	9.086179	12.018132	22.436852
0.72	2.605647	9.416442	12.022089	22.426780
0.73	2.338738	9.687310	12.026047	22.417192
0.74	2.135354	9.894653	12.030007	22.408121
0.75	1.998633	10.035336	12.033969	22.399599
0.76	1.930671	10.107260	12.037932	22.391652
0.77	1.932496	10.109400	12.041896	22.384307
0.78	2.004051	10.041811	12.045862	22.377587
0.79	2.144195	9.905634	12.049829	22.371512
0.8	2.350725	9.703073	12.053798	22.366101
0.81	2.620409	9.437359	12.057768	22.361369
0.82	2.949037	9.112703	12.061740	22.357329
0.83	3.331488	8.734225	12.065713	22.353991
0.84	3.761809	8.307878	12.069687	22.351362
0.85	4.233308	7.840355	12.073663	22.349448
0.86	4.738659	7.338982	12.077641	22.348250
0.87	5.270013	6.811607	12.081620	22.347767
0.88	5.819124	6.266477	12.085601	22.347998
0.89	6.377470	5.712112	12.089583	22.348936
0.9	6.936393	5.157173	12.093566	22.350572
0.91	7.487225	4.610326	12.097551	22.352897
0.92	8.021427	4.080111	12.101538	22.355898
0.93	8.530716	3.574810	12.105526	22.359559
0.94	9.007198	3.102318	12.109516	22.363862
0.95	9.443484	2.670023	12.113507	22.368789
0.96	9.832807	2.284693	12.117500	22.374316
0.97	10.169125	1.952369	12.121494	22.380422
0.98	10.447212	1.678278	12.125490	22.387079
0.99	10.662740	1.466747	12.129487	22.394261
1	10.812343	1.321143	12.133486	22.401940
1.01	10.893669	1.243818	12.137486	22.410084
1.02	10.905415	1.236073	12.141488	22.418663
1.03	10.847347	1.298144	12.145491	22.427643
1.04	10.720303	1.429193	12.149496	22.436990
1.05	10.526177	1.627325	12.153502	22.446670
1.06	10.267890	1.889620	12.157509	22.456647
1.07	9.949345	2.212173	12.161518	22.466884
1.08	9.575367	2.590162	12.165529	22.477345
1.09	9.151624	3.017916	12.169540	22.487993
1.1	8.684545	3.489008	12.173553	22.498789
1.11	8.181216	3.996352	12.177568	22.509697
1.12	7.649270	4.532313	12.181583	22.520679
1.13	7.096775	5.088826	12.185600	22.531697
1.14	6.532104	5.657515	12.189619	22.542716
1.15	5.963809	6.229829	12.193638	22.553697
1.16	5.400491	6.797169	12.197660	22.564606
1.17	4.850663	7.351019	12.201682	22.575407
1.18	4.322627	7.883079	12.205706	22.586066
1.19	3.824342	8.385389	12.209731	22.596550
1.2	3.363303	8.850454	12.213757	22.606826
1.21	2.946431	9.271354	12.217785	22.616864
1.22	2.579964	9.641850	12.221814	22.626634
1.23	2.269364	9.956481	12.225845	22.636108
1.24	2.019235	10.210642	12.229877	22.645259
1.25	1.833254	10.400656	12.233910	22.654063
1.26	1.714119	10.523826	12.237945	22.662495
1.27	1.663504	10.578477	12.241982	22.670535
1.28	1.682042	10.563977	12.246019	22.678163
1.29	1.769313	10.480746	12.250059	22.685360
1.3	1.923854	10.330246	12.254100	22.692111
1.31	2.143184	10.114958	12.258142	22.698403
1.32	2.423845	9.838340	12.262186	22.704223
1.33	2.761456	9.504775	12.266231	22.709561
1.34	3.150782	9.119496	12.270278	22.714411
1.35	3.585817	8.688509	12.274326	22.718765
1.36	4.059877	8.218499	12.278376	22.722622
1.37	4.565704	7.716723	12.282427	22.725978
1.38	5.095580	7.190900	12.286480	22.728836
1.39	5.641444	6.649091	12.290535	22.731197
1.4	6.195017	6.099574	12.294590	22.733067
1.41	6.747930	5.550718	12.298648	22.734452
1.42	7.291852	5.010854	12.302707	22.735361
1.43	7.818617	4.488150	12.306767	22.735804
1.44	8.320349	3.990480	12.310829	22.735794
1.45	8.789580	3.525312	12.314892	22.735345
1.46	9.219366	3.099591	12.318957	22.734473
1.47	9.603390	2.719633	12.323023	22.733195
1.48	9.936057	2.391034	12.327091	22.731531
1.49	10.212578	2.118581	12.331160	22.729500
1.5	10.429041	1.906189	12.335230	22.727125
1.51	10.582465	1.756837	12.339302	22.724429
1.52	10.670848	1.672527	12.343375	22.721435
1.53	10.693190	1.654260	12.347450	22.718170
1.54	10.649506	1.702019	12.351526	22.714659
1.55	10.540824	1.814779	12.355603	22.710929
1.56	10.369161	1.990520	12.359682	22.707008
1.57	10.137494	2.226268	12.363761	22.702924
1.58	9.849705	2.518138	12.367842	22.698706
1.59	9.510522	2.861403	12.371925	22.694382
1.6	9.125440	3.250568	12.376008	22.689983
1.61	8.700636	3.679457	12.380093	22.685536
1.62	8.242867	4.141312	12.384179	22.681072
1.63	7.759366	4.628900	12.388266	22.676620
1.64	7.257729	5.134625	12.392354	22.672207
1.65	6.745794	5.650650	12.396444	22.667864
1.66	6.231518	6.169016	12.400535	22.663616
1.67	5.722857	6.681770	12.404626	22.659492
1.68	5.227638	7.181081	12.408719	22.655518
1.69	4.753443	7.659371	12.412814	22.651719
1.7	4.307487	8.109422	12.416909	22.648120
1.71	3.896513	8.524493	12.421006	22.644744
1.72	3.526686	8.898419	12.425104	22.641614
1.73	3.203498	9.225706	12.429204	22.638751
1.74	2.931692	9.501613	12.433304	22.636174
1.75	2.715183	9.722223	12.437406	22.633901
1.76	2.557009	9.884501	12.441510	22.631950
1.77	2.459281	9.986334	12.445615	22.630335
1.78	2.423157	10.026564	12.449721	22.629070
1.79	2.448828	10.005001	12.453829	22.628166
1.8	2.535519	9.922419	12.457939	22.627634
1.81	2.681505	9.780544	12.462050	22.627482
1.82	2.884143	9.582019	12.466162	22.627717
1.83	3.139916	9.330360	12.470276	22.628342
1.84	3.444492	9.029900	12.474392	22.629361
1.85	3.792797	8.685712	12.478509	22.630775
1.86	4.179094	8.303533	12.482628	22.632583
1.87	4.597081	7.889667	12.486748	22.634781
1.88	5.039986	7.450884	12.490870	22.637365
1.89	5.500678	6.994315	12.494993	22.640328
1.9	5.971782	6.527336	12.499118	22.643662
1.91	6.445793	6.057452	12.503245	22.647357
1.92	6.915194	5.592179	12.507373	22.651400
1.93	7.372577	5.138925	12.511502	22.655778
1.94	7.810757	4.704876	12.515633	22.660475
1.95	8.222883	4.296883	12.519766	22.665475
1.96	8.602547	3.921353	12.523900	22.670759
1.97	8.943880	3.584155	12.528035	22.676306
1.98	9.241647	3.290525	12.532172	22.682096
1.99	9.491322	3.044988	12.536310	22.688105
2	9.689160	2.851290	12.540450	22.694311
2.01	9.832251	2.712339	12.544590	22.700686
2.02	9.918566	2.630166	12.548733	22.707206
2.03	9.946983	2.605893	12.552876	22.713844
2.04	9.917302	2.639719	12.557021	22.720571
2.05	9.830246	2.730920	12.561167	22.727359
2.06	9.687448	2.877866	12.565314	22.734178
2.07	9.491417	3.078045	12.569462	22.740999
2.08	9.245502	3.328109	12.573611	22.747792
2.09	8.953832	3.623929	12.577762	22.754526
2.1	8.621250	3.960663	12.581913	22.761170
2.11	8.253235	4.332831	12.586066	22.767694
2.12	7.855809	4.734410	12.590220	22.774068
2.13	7.435449	5.158925	12.594374	22.780260
2.14	6.998975	5.599555	12.598530	22.786241
2.15	6.553445	6.049241	12.602687	22.791982
2.16	6.106043	6.500802	12.606844	22.797452
2.17	5.663963	6.947040	12.611003	22.802624
2.18	5.234298	7.380864	12.615163	22.807469
2.19	4.823929	7.795394	12.619323	22.811962
2.2	4.439412	8.184073	12.623485	22.816075
2.21	4.086881	8.540767	12.627648	22.819785
2.22	3.771950	8.859862	12.631813	22.823068
2.23	3.499626	9.136352	12.635978	22.825901
2.24	3.274231	9.365914	12.640144	22.828263
2.25	3.099338	9.544974	12.644312	22.830136
2.26	2.977717	9.670765	12.648481	22.831500
2.27	2.911290	9.741362	12.652652	22.832339
2.28	2.901107	9.755717	12.656824	22.832638
2.29	2.947330	9.713667	12.660997	22.832385
2.3	3.049235	9.615937	12.665172	22.831569
2.31	3.205222	9.464126	12.669348	22.830179
2.32	3.412848	9.260678	12.673526	22.828207
2.33	3.668864	9.008841	12.677705	22.825649
2.34	3.969269	8.712617	12.681886	22.822501
2.35	4.309376	8.376692	12.686068	22.818760
2.36	4.683888	8.006364	12.690252	22.814427
2.37	5.086980	7.607458	12.694438	22.809503
2.38	5.512396	7.186229	12.698625	22.803993
2.39	5.953544	6.749270	12.702813	22.797903
2.4	6.403603	6.303400	12.707003	22.791241
2.41	6.855631	5.855563	12.711195	22.784016
2.42	7.302672	5.412715	12.715388	22.776240
2.43	7.737865	4.981717	12.719582	22.767927
2.44	8.154553	4.569225	12.723778	22.759093
2.45	8.546382	4.181594	12.727975	22.749753
2.46	8.907406	3.824769	12.732174	22.739928
2.47	9.232172	3.504202	12.736374	22.729637
2.48	9.515809	3.224767	12.740576	22.718904
2.49	9.754098	2.990681	12.744779	22.707751
2.5	9.943538	2.805446	12.748984	22.696203
2.51	10.081397	2.671793	12.753190	22.684287
2.52	10.165753	2.591644	12.757397	22.672031
2.53	10.195522	2.566084	12.761605	22.659463
2.54	10.170468	2.595347	12.765815	22.646613
2.55	10.091211	2.678816	12.770026	22.633512
2.56	9.959204	2.815035	12.774239	22.620192
2.57	9.776718	3.001734	12.778453	22.606685
2.58	9.546795	3.235872	12.782668	22.593025
2.59	9.273202	3.513682	12.786884	22.579244
2.6	8.960368	3.830733	12.791101	22.565377
2.61	8.613311	4.182009	12.795320	22.551459
2.62	8.237560	4.561980	12.799540	22.537523
2.63	7.839063	4.964698	12.803761	22.523605
2.64	7.424095	5.383889	12.807984	22.509739
2.65	6.999155	5.813052	12.812207	22.495959
2.66	6.570868	6.245563	12.816432	22.482300
2.67	6.145878	6.674780	12.820658	22.468795
2.68	5.730742	7.094143	12.824885	22.455477
2.69	5.331831	7.497282	12.829113	22.442379
2.7	4.955231	7.878111	12.833342	22.429533
2.71	4.606647	8.230926	12.837573	22.416969
2.72	4.291316	8.550489	12.841805	22.404719
2.73	4.013929	8.832110	12.846039	22.392810
2.74	3.778557	9.071716	12.850273	22.381271
2.75	3.588596	9.265913	12.854509	22.370128
2.76	3.446712	9.412035	12.858747	22.359407
2.77	3.354805	9.508181	12.862986	22.349130
2.78	3.313983	9.553242	12.867226	22.339322
2.79	3.324554	9.546914	12.871468	22.330003
2.8	3.386017	9.489694	12.875711	22.321191
2.81	3.497082	9.382873	12.879955	22.312905
2.82	3.655692	9.228509	12.884201	22.305159
2.83	3.859061	9.029388	12.888449	22.297969
2.84	4.103722	8.788976	12.892698	22.291347
2.85	4.385586	8.511363	12.896949	22.285301
2.86	4.700010	8.201191	12.901201	22.279842
2.87	5.041875	7.863579	12.905454	22.274975
2.88	5.405671	7.504038	12.909709	22.270705
2.89	5.785583	7.128382	12.913965	22.267034
2.9	6.175590	6.742633	12.918223	22.263963
2.91	6.569556	6.352927	12.922482	22.261491
2.92	6.961334	5.965409	12.926743	22.259614
2.93	7.344862	5.586142	12.931005	22.258326
2.94	7.714258	5.221010	12.935268	22.257621
2.95	8.063912	4.875621	12.939533	22.257490
2.96	8.388576	4.555223	12.943799	22.257922
2.97	8.683444	4.264623	12.948067	22.258903
2.98	8.944225	4.008111	12.952336	22.260419
2.99	9.167213	3.789393	12.956606	22.262454
3	9.349336	3.611542	12.960878	22.264990
3.01	9.488205	3.476946	12.965151	22.268008
3.02	9.582149	3.387277	12.969426	22.271486
3.03	9.630233	3.343469	12.973702	22.275402
3.04	9.632272	3.345707	12.977979	22.279732
3.05	9.588828	3.393430	12.982257	22.284450
3.06	9.501194	3.485344	12.986538	22.289531
3.07	9.371371	3.619448	12.990819	22.294946
3.08	9.202030	3.793072	12.995102	22.300667
3.09	8.996462	4.002924	12.999386	22.306665
3.1	8.758525	4.245146	13.003671	22.312908
3.11	8.492574	4.515385	13.007958	22.319367
3.12	8.203386	4.808861	13.012247	22.326008
3.13	7.896084	5.120453	13.016537	22.332800
3.14	7.576046	5.444782	13.020828	22.339710
3.15	7.248817	5.776303	13.025120	22.346704
3.16	6.920020	6.109394	13.029414	22.353750
3.17	6.595258	6.438452	13.033710	22.360813
3.18	6.280025	6.757982	13.038007	22.367861
3.19	5.979615	7.062690	13.042305	22.374861
3.2	5.699039	7.347566	13.046605	22.381777
3.21	5.442936	7.607969	13.050906	22.388579
3.22	5.215509	7.839700	13.055208	22.395234
3.23	5.020446	8.039066	13.059512	22.401709
3.24	4.860872	8.202945	13.063818	22.407974
3.25	4.739293	8.328832	13.068125	22.413997
3.26	4.657558	8.414875	13.072433	22.419749
3.27	4.616835	8.459908	13.076743	22.425200
3.28	4.617592	8.463463	13.081054	22.430324
3.29	4.659589	8.425778	13.085367	22.435093
3.3	4.741892	8.347790	13.089682	22.439480
3.31	4.862886	8.231111	13.093997	22.443463
3.32	5.020306	8.078009	13.098315	22.447016
3.33	5.211277	7.891356	13.102633	22.450119
3.34	5.432365	7.674588	13.106953	22.452750
3.35	5.679636	7.431639	13.111275	22.454891
3.36	5.948721	7.166876	13.115598	22.456524
3.37	6.234896	6.885026	13.119922	22.457632
3.38	6.533157	6.591091	13.124248	22.458201
3.39	6.838305	6.290269	13.128575	22.458218
3.4	7.145038	5.987865	13.132903	22.457672
3.41	7.448034	5.689199	13.137233	22.456553
3.42	7.742045	5.399518	13.141564	22.454854
3.43	8.021985	5.123911	13.145896	22.452566
3.44	8.283012	4.867217	13.150229	22.449687
3.45	8.520610	4.633954	13.154564	22.446212
3.46	8.730666	4.428234	13.158900	22.442141
3.47	8.909538	4.253699	13.163237	22.437474
3.48	9.054115	4.113460	13.167575	22.432213
3.49	9.161870	4.010044	13.171914	22.426360
3.5	9.230902	3.945353	13.176255	22.419922
3.51	9.259967	3.920630	13.180596	22.412905
3.52	9.248498	3.936441	13.184939	22.405316
3.53	9.196621	3.992663	13.189283	22.397165
3.54	9.105143	4.088486	13.193628	22.388464
3.55	8.975548	4.222427	13.197975	22.379224
3.56	8.809968	4.392354	13.202322	22.369458
3.57	8.611150	4.595521	13.206671	22.359183
3.58	8.382409	4.828611	13.211020	22.348412
3.59	8.127576	5.087795	13.215372	22.337164
3.6	7.850933	5.368791	13.219724	22.325456
3.61	7.557141	5.666936	13.224077	22.313306
3.62	7.251168	5.977265	13.228432	22.300736
3.63	6.938201	6.294587	13.232789	22.287764
3.64	6.623566	6.613580	13.237146	22.274413
3.65	6.312635	6.928870	13.241505	22.260704
3.66	6.010740	7.235125	13.245865	22.246659
3.67	5.723084	7.527143	13.250227	22.232302
3.68	5.454653	7.799937	13.254590	22.217654
3.69	5.210136	8.048819	13.258955	22.202740
3.7	4.993844	8.269477	13.263321	22.187583
3.71	4.809638	8.458050	13.267688	22.172206
3.72	4.660866	8.611191	13.272057	22.156633
3.73	4.550306	8.726122	13.276427	22.140889
3.74	4.480114	8.800684	13.280799	22.124995
3.75	4.451796	8.833376	13.285172	22.108976
3.76	4.466169	8.823377	13.289546	22.092854
3.77	4.523356	8.770566	13.293922	22.076652
3.78	4.622778	8.675522	13.298299	22.060392
3.79	4.763157	8.539522	13.302678	22.044096
3.8	4.942541	8.364517	13.307058	22.027784
3.81	5.158332	8.153107	13.311439	22.011477
3.82	5.407325	7.908497	13.315822	21.995194
3.83	5.685758	7.634447	13.320205	21.978954
3.84	5.989375	7.335215	13.324590	21.962776
3.85	6.313491	7.015485	13.328976	21.946677
3.86	6.653068	6.680295	13.333363	21.930672
3.87	7.002798	6.334953	13.337751	21.914778
3.88	7.357186	5.984954	13.342140	21.899008
3.89	7.710640	5.635890	13.346530	21.883377
3.9	8.057563	5.293356	13.350920	21.867896
3.91	8.392445	4.962866	13.355310	21.852576
3.92	8.709948	4.649753	13.359701	21.837429
3.93	9.005001	4.359092	13.364093	21.822463
3.94	9.272874	4.095610	13.368484	21.807686
3.95	9.509266	3.863609	13.372875	21.793105
3.96	9.710368	3.666898	13.377266	21.778726
3.97	9.872930	3.508726	13.381656	21.764555
3.98	9.994313	3.391733	13.386045	21.750594
3.99	10.072535	3.317899	13.390434	21.736847
4	10.106306	3.288515	13.394821	21.723315
4.01	10.095045	3.304162	13.399208	21.709999
4.02	10.038897	3.364695	13.403592	21.696899
4.03	9.938726	3.469249	13.407975	21.684013
4.04	9.796107	3.616249	13.412356	21.671340
4.05	9.613300	3.803436	13.416736	21.658875
4.06	9.393211	4.027902	13.421113	21.646617
4.07	9.139350	4.286139	13.425489	21.634559
4.08	8.855773	4.574089	13.429862	21.622697
4.09	8.547016	4.887218	13.434234	21.611024
4.1	8.218022	5.220582	13.438604	21.599535
4.11	7.874061	5.568912	13.442973	21.588221
4.12	7.520647	5.926693	13.447340	21.577076
4.13	7.163446	6.288260	13.451706	21.566090
4.14	6.808187	6.647884	13.456071	21.555256
4.15	6.460570	6.999866	13.460436	21.544564
4.16	6.126173	7.338628	13.464801	21.534006
4.17	5.810364	7.658802	13.469166	21.523572
4.18	5.518215	7.955316	13.473531	21.513253
4.19	5.254422	8.223475	13.477897	21.503040
4.2	5.023228	8.459037	13.482264	21.492922
4.21	4.828357	8.658275	13.486633	21.482891
4.22	4.672957	8.818045	13.491002	21.472937
4.23	4.559544	8.935829	13.495373	21.463051
4.24	4.489966	9.009780	13.499745	21.453224
4.25	4.465369	9.038750	13.504118	21.443448
4.26	4.486181	9.022312	13.508493	21.433715
4.27	4.552101	8.960768	13.512869	21.424017
4.28	4.662102	8.855144	13.517246	21.414347
4.29	4.814444	8.707180	13.521624	21.404697
4.3	5.006701	8.519301	13.526002	21.395063
4.31	5.235798	8.294583	13.530381	21.385438
4.32	5.498054	8.036707	13.534761	21.375818
4.33	5.789243	7.749897	13.539140	21.366199
4.34	6.104657	7.438863	13.543520	21.356577
4.35	6.439180	7.108720	13.547899	21.346950
4.36	6.787369	6.764909	13.552278	21.337315
4.37	7.143543	6.413114	13.556656	21.327673
4.38	7.501869	6.059164	13.561033	21.318023
4.39	7.856463	5.708945	13.565408	21.308365
4.4	8.201477	5.368303	13.569781	21.298702
4.41	8.531204	5.042947	13.574151	21.289036
4.42	8.840161	4.738357	13.578518	21.279371
4.43	9.123189	4.459693	13.582882	21.269709
4.44	9.375532	4.211709	13.587240	21.260058
4.45	9.592918	3.998676	13.591594	21.250423
4.46	9.771635	3.824308	13.595942	21.240810
4.47	9.908584	3.691699	13.600283	21.231228
4.48	10.001342	3.603275	13.604617	21.221685
4.49	10.048198	3.560744	13.608942	21.212190
4.5	10.048186	3.565073	13.613259	21.202754
4.51	10.001100	3.616465	13.617565	21.193387
4.52	9.907502	3.714359	13.621861	21.184100
4.53	9.768716	3.857429	13.626146	21.174906
4.54	9.586803	4.043615	13.630418	21.165818
4.55	9.364532	4.270146	13.634678	21.156848
4.56	9.105337	4.533589	13.638926	21.148010
4.57	8.813258	4.829902	13.643160	21.139319
4.58	8.492877	5.154504	13.647382	21.130789
4.59	8.149246	5.502344	13.651590	21.122435
4.6	7.787800	5.867986	13.655786	21.114272
4.61	7.414272	6.245698	13.659970	21.106315
4.62	7.034602	6.629540	13.664142	21.098580
4.63	6.654837	7.013468	13.668304	21.091082
4.64	6.281037	7.391420	13.672457	21.083836
4.65	5.919182	7.757420	13.676602	21.076859
4.66	5.575073	8.105667	13.680740	21.070165
4.67	5.254250	8.430623	13.684873	21.063769
4.68	4.961902	8.727099	13.689001	21.057686
4.69	4.702797	8.990330	13.693127	21.051931
4.7	4.481207	9.216044	13.697251	21.046517
4.71	4.300853	9.400522	13.701375	21.041458
4.72	4.164848	9.540651	13.705499	21.036767
4.73	4.075663	9.633961	13.709624	21.032456
4.74	4.035086	9.678665	13.713750	21.028537
4.75	4.044207	9.673671	13.717879	21.025020
4.76	4.103403	9.618605	13.722008	21.021916
4.77	4.212331	9.513808	13.726140	21.019234
4.78	4.369939	9.360333	13.730272	21.016982
4.79	4.574477	9.159928	13.734405	21.015168
4.8	4.823524	8.915015	13.738539	21.013797
4.81	5.114018	8.628654	13.742672	21.012875
4.82	5.442297	8.304506	13.746803	21.012406
4.83	5.804151	7.946782	13.750933	21.012394
4.84	6.194874	7.560187	13.755061	21.012839
4.85	6.609327	7.149858	13.759185	21.013742
4.86	7.042012	6.721292	13.763304	21.015104
4.87	7.487145	6.280274	13.767419	21.016921
4.88	7.938731	5.832796	13.771527	21.019190
4.89	8.390657	5.384971	13.775628	21.021908
4.9	8.836768	4.942953	13.779721	21.025068
4.91	9.270960	4.512845	13.783805	21.028663
4.92	9.687264	4.100614	13.787878	21.032685
4.93	10.079934	3.712005	13.791939	21.037124
4.94	10.443526	3.352461	13.795987	21.041969
4.95	10.772978	3.027041	13.800019	21.047208
4.96	11.063686	2.740349	13.804036	21.052827
4.97	11.311566	2.496468	13.808034	21.058811
4.98	11.513113	2.298899	13.812012	21.065144
4.99	11.665455	2.150514	13.815970	21.071810
5	11.766389	2.053515	13.819904	21.078788
5.01	11.814411	2.009402	13.823813	21.086061
5.02	11.808739	2.018958	13.827697	21.093607
5.03	11.749319	2.082235	13.831553	21.101404
5.04	11.636819	2.198562	13.835381	21.109431
5.05	11.472622	2.366558	13.839180	21.117662
5.06	11.258795	2.584154	13.842949	21.126074
5.07	10.998059	2.848628	13.846687	21.134641
5.08	10.693742	3.156653	13.850395	21.143338
5.09	10.349731	3.504341	13.854072	21.152136
5.1	9.970407	3.887313	13.857720	21.161009
5.11	9.560586	4.300753	13.861339	21.169929
5.12	9.125442	4.739489	13.864930	21.178867
5.13	8.670438	5.198057	13.868496	21.187793
5.14	8.201250	5.670786	13.872036	21.196680
5.15	7.723688	6.151866	13.875555	21.205496
5.16	7.243621	6.635432	13.879053	21.214212
5.17	6.766901	7.115631	13.882532	21.222798
5.18	6.299295	7.586702	13.885997	21.231225
5.19	5.846410	8.043037	13.889447	21.239461
5.2	5.413635	8.479252	13.892886	21.247477
5.21	5.006076	8.890240	13.896316	21.255244
5.22	4.628506	9.271233	13.899739	21.262732
5.23	4.285311	9.617846	13.903157	21.269912
5.24	3.980449	9.926121	13.906570	21.276756
5.25	3.717414	10.192567	13.909981	21.283235
5.26	3.499197	10.414193	13.913390	21.289322
5.27	3.328267	10.588532	13.916799	21.294990
5.28	3.206543	10.713664	13.920207	21.300214
5.29	3.135384	10.788233	13.923616	21.304967
5.3	3.115572	10.811454	13.927026	21.309227
5.31	3.147314	10.783122	13.930436	21.312969
5.32	3.230237	10.703609	13.933847	21.316171
5.33	3.363399	10.573859	13.937258	21.318812
5.34	3.545293	10.395376	13.940669	21.320872
5.35	3.773869	10.170211	13.944080	21.322332
5.36	4.046555	9.900936	13.947491	21.323175
5.37	4.360283	9.590618	13.950901	21.323384
5.38	4.711520	9.242790	13.954309	21.322946
5.39	5.096309	8.861408	13.957717	21.321845
5.4	5.510307	8.450817	13.961123	21.320071
5.41	5.948834	8.015693	13.964527	21.317613
5.42	6.406926	7.561003	13.967930	21.314463
5.43	6.879386	7.091943	13.971329	21.310611
5.44	7.360844	6.613882	13.974726	21.306054
5.45	7.845820	6.132300	13.978120	21.300787
5.46	8.328786	5.652725	13.981511	21.294807
5.47	8.804228	5.180670	13.984898	21.288113
5.48	9.266719	4.721562	13.988280	21.280706
5.49	9.710975	4.280683	13.991658	21.272589
5.5	10.131928	3.863102	13.995030	21.263765
5.51	10.524782	3.473614	13.998395	21.254239
5.52	10.885074	3.116679	14.001753	21.244020
5.53	11.208734	2.796368	14.005102	21.233116
5.54	11.492129	2.516313	14.008442	21.221536
5.55	11.732113	2.279658	14.011771	21.209294
5.56	11.926066	2.089021	14.015087	21.196402
5.57	12.071925	1.946464	14.018390	21.182875
5.58	12.168211	1.853466	14.021677	21.168729
5.59	12.214043	1.810904	14.024947	21.153983
5.6	12.209150	1.819049	14.028199	21.138655
5.61	12.153870	1.877561	14.031431	21.122765
5.62	12.049143	1.985499	14.034642	21.106336
5.63	11.896492	2.141338	14.037830	21.089389
5.64	11.698001	2.342993	14.040995	21.071950
5.65	11.456283	2.587852	14.044135	21.054042
5.66	11.174436	2.872812	14.047249	21.035692
5.67	10.856007	3.194330	14.050337	21.016927
5.68	10.504929	3.548469	14.053399	20.997774
5.69	10.125475	3.930959	14.056434	20.978263
5.7	9.722191	4.337252	14.059443	20.958422
5.71	9.299839	4.762587	14.062427	20.938281
5.72	8.863330	5.202056	14.065385	20.917871
5.73	8.417659	5.650661	14.068320	20.897224
5.74	7.967846	6.103386	14.071232	20.876369
5.75	7.518870	6.555254	14.074124	20.855340
5.76	7.075608	7.001388	14.076995	20.834167
5.77	6.642785	7.437065	14.079850	20.812884
5.78	6.224917	7.857771	14.082688	20.791522
5.79	5.826268	8.259246	14.085513	20.770114
5.8	5.450802	8.637525	14.088326	20.748691
5.81	5.102153	8.988976	14.091130	20.727286
5.82	4.783592	9.310332	14.093925	20.705930
5.83	4.498000	9.598713	14.096713	20.684654
5.84	4.247851	9.851646	14.099497	20.663490
5.85	4.035194	10.067082	14.102276	20.642468
5.86	3.861650	10.243404	14.105054	20.621618
5.87	3.728401	10.379428	14.107829	20.600970
5.88	3.636196	10.474408	14.110604	20.580550
5.89	3.585349	10.528029	14.113379	20.560389
5.9	3.575753	10.540400	14.116153	20.540511
5.91	3.606888	10.512041	14.118928	20.520945
5.92	3.677834	10.443870	14.121704	20.501713
5.93	3.787291	10.337189	14.124480	20.482842
5.94	3.933599	10.193658	14.127257	20.464352
5.95	4.114757	10.015277	14.130034	20.446267
5.96	4.328449	9.804362	14.132812	20.428608
5.97	4.572072	9.563517	14.135590	20.411392
5.98	4.842762	9.295606	14.138368	20.394639
5.99	5.137423	9.003724	14.141147	20.378365
6	5.452764	8.691162	14.143926	20.362586
6.01	5.785328	8.361378	14.146706	20.347316
6.02	6.131529	8.017957	14.149486	20.332568
6.03	6.487689	7.664578	14.152268	20.318352
6.04	6.850075	7.304975	14.155050	20.304679
6.05	7.214936	6.942897	14.157833	20.291557
6.06	7.578547	6.582071	14.160618	20.278993
6.07	7.937242	6.226162	14.163404	20.266992
6.08	8.287459	5.878733	14.166192	20.255558
6.09	8.625775	5.543206	14.168982	20.244693
6.1	8.948947	5.222826	14.171773	20.234398
6.11	9.253942	4.920624	14.174566	20.224673
6.12	9.537980	4.639381	14.177361	20.215515
6.13	9.798558	4.381599	14.180157	20.206921
6.14	10.033479	4.149474	14.182954	20.198885
6.15	10.240884	3.944867	14.185751	20.191402
6.16	10.419263	3.769284	14.188548	20.184462
6.17	10.567480	3.623864	14.191344	20.178056
6.18	10.684777	3.509361	14.194138	20.172174
6.19	10.770789	3.426141	14.196930	20.166804
6.2	10.825539	3.374180	14.199718	20.161932
6.21	10.849437	3.353065	14.202502	20.157543
6.22	10.843273	3.362008	14.205281	20.153622
6.23	10.808199	3.399854	14.208053	20.150150
6.24	10.745712	3.465105	14.210817	20.147111
6.25	10.657633	3.555941	14.213574	20.144484
6.26	10.546071	3.670250	14.216321	20.142250
6.27	10.413398	3.805659	14.219058	20.140386
6.28	10.262210	3.959573	14.221784	20.138870
6.29	10.095288	4.129210	14.224498	20.137679
6.3	9.915556	4.311644	14.227200	20.136789
6.31	9.726039	4.503851	14.229890	20.136174
6.32	9.529816	4.702750	14.232566	20.135811
6.33	9.329981	4.905249	14.235230	20.135671
6.34	9.129589	5.108291	14.237880	20.135729
6.35	8.931622	5.308895	14.240518	20.135957
6.36	8.738940	5.504202	14.243142	20.136328
6.37	8.554243	5.691511	14.245754	20.136813
6.38	8.380036	5.868318	14.248354	20.137383
6.39	8.218592	6.032351	14.250943	20.138011
6.4	8.071925	6.181595	14.253520	20.138668
6.41	7.941764	6.314324	14.256088	20.139324
6.42	7.829529	6.429117	14.258646	20.139950
6.43	7.736321	6.524875	14.261196	20.140518
6.44	7.662905	6.600832	14.263738	20.140999
6.45	7.609711	6.656562	14.266273	20.141364
6.46	7.576827	6.691975	14.268802	20.141585
6.47	7.564008	6.707318	14.271326	20.141633
6.48	7.570687	6.703159	14.273846	20.141481
6.49	7.595985	6.680378	14.276362	20.141101
6.5	7.638734	6.640141	14.278876	20.140466
6.51	7.697501	6.583885	14.281387	20.139550
6.52	7.770613	6.513283	14.283896	20.138328
6.53	7.856187	6.430217	14.286404	20.136773
6.54	7.952167	6.336744	14.288911	20.134861
6.55	8.056359	6.235058	14.291417	20.132569
6.56	8.166468	6.127456	14.293924	20.129874
6.57	8.280136	6.016293	14.296430	20.126753
6.58	8.394988	5.903948	14.298936	20.123185
6.59	8.508663	5.792778	14.301442	20.119150
6.6	8.618866	5.685081	14.303947	20.114628
6.61	8.723395	5.583058	14.306452	20.109601
6.62	8.820186	5.488771	14.308957	20.104051
6.63	8.907347	5.404113	14.311460	20.097962
6.64	8.983190	5.330772	14.313963	20.091319
6.65	9.046259	5.270203	14.316463	20.084107
6.66	9.095358	5.223602	14.318960	20.076313
6.67	9.129572	5.191883	14.321455	20.067924
6.68	9.148283	5.175662	14.323946	20.058931
6.69	9.151184	5.175248	14.326432	20.049324
6.7	9.138284	5.190629	14.328914	20.039093
6.71	9.109912	5.221478	14.331390	20.028231
6.72	9.066710	5.267149	14.333859	20.016733
6.73	9.009627	5.326694	14.336321	20.004592
6.74	8.939904	5.398872	14.338776	19.991806
6.75	8.859053	5.482169	14.341222	19.978372
6.76	8.768834	5.574826	14.343660	19.964287
6.77	8.671224	5.674865	14.346089	19.949552
6.78	8.568387	5.780122	14.348509	19.934167
6.79	8.462633	5.888287	14.350920	19.918135
6.8	8.356384	5.996938	14.353322	19.901458
6.81	8.252127	6.103589	14.355716	19.884141
6.82	8.152374	6.205727	14.358101	19.866188
6.83	8.059619	6.300860	14.360479	19.847607
6.84	7.976291	6.386559	14.362849	19.828405
6.85	7.904713	6.460501	14.365214	19.808590
6.86	7.847063	6.520510	14.367573	19.788171
6.87	7.805332	6.564597	14.369929	19.767160
6.88	7.781289	6.590992	14.372281	19.745567
6.89	7.776453	6.598178	14.374631	19.723405
6.9	7.792059	6.584921	14.376980	19.700687
6.91	7.829042	6.550287	14.379329	19.677427
6.92	7.888014	6.493666	14.381680	19.653641
6.93	7.969252	6.414780	14.384032	19.629344
6.94	8.072694	6.313693	14.386387	19.604553
6.95	8.197931	6.190814	14.388745	19.579285
6.96	8.344217	6.046890	14.391107	19.553558
6.97	8.510470	5.883003	14.393473	19.527391
6.98	8.695291	5.700553	14.395844	19.500803
6.99	8.896976	5.501243	14.398219	19.473815
7	9.113543	5.287055	14.400598	19.446446
7.01	9.342752	5.060229	14.402981	19.418718
7.02	9.582137	4.823231	14.405368	19.390653
7.03	9.829036	4.578722	14.407758	19.362273
7.04	10.080626	4.329524	14.410151	19.333599
7.05	10.333958	4.078588	14.412546	19.304655
7.06	10.585993	3.828950	14.414943	19.275465
7.07	10.833644	3.583697	14.417341	19.246051
7.08	11.073812	3.345928	14.419740	19.216438
7.09	11.303426	3.118713	14.422139	19.186649
7.1	11.519482	2.905055	14.424537	19.156708
7.11	11.719081	2.707854	14.426935	19.126641
7.12	11.899465	2.529865	14.429330	19.096471
7.13	12.058053	2.373671	14.431724	19.066224
7.14	12.192474	2.241642	14.434115	19.035923
7.15	12.300596	2.135907	14.436504	19.005593
7.16	12.380558	2.058330	14.438889	18.975260
7.17	12.430790	2.010480	14.441271	18.944946
7.18	12.450036	1.993612	14.443649	18.914678
7.19	12.437374	2.008649	14.446023	18.884479
7.2	12.392226	2.056167	14.448393	18.854373
7.21	12.314369	2.136390	14.450759	18.824383
7.22	12.203945	2.249175	14.453121	18.794535
7.23	12.061454	2.394023	14.455478	18.764850
7.24	11.887759	2.570071	14.457831	18.735353
7.25	11.684073	2.776106	14.460179	18.706064
7.26	11.451952	3.010571	14.462523	18.677008
7.27	11.193275	3.271587	14.464862	18.648204
7.28	10.910231	3.556967	14.467198	18.619676
7.29	10.605290	3.864239	14.469529	18.591443
7.3	10.281181	4.190675	14.471856	18.563525
7.31	9.940860	4.533319	14.474179	18.535943
7.32	9.587482	4.889017	14.476499	18.508716
7.33	9.224362	5.254453	14.478814	18.481861
7.34	8.854943	5.626184	14.481127	18.455396
7.35	8.482758	6.000679	14.483437	18.429340
7.36	8.111390	6.374353	14.485743	18.403707
7.37	7.744437	6.743610	14.488048	18.378514
7.38	7.385470	7.104880	14.490350	18.353774
7.39	7.037995	7.454655	14.492650	18.329503
7.4	6.705419	7.789530	14.494949	18.305713
7.41	6.391011	8.106235	14.497246	18.282417
7.42	6.097870	8.401673	14.499542	18.259625
7.43	5.828891	8.672948	14.501838	18.237348
7.44	5.586737	8.917396	14.504134	18.215596
7.45	5.373814	9.132614	14.506429	18.194376
7.46	5.192244	9.316480	14.508724	18.173697
7.47	5.043846	9.467174	14.511020	18.153565
7.48	4.930119	9.583197	14.513316	18.133986
7.49	4.852229	9.663383	14.515613	18.114963
7.5	4.811001	9.706909	14.517910	18.096500
7.51	4.806908	9.713300	14.520208	18.078600
7.52	4.840072	9.682435	14.522507	18.061264
7.53	4.910264	9.614542	14.524807	18.044491
7.54	5.016910	9.510197	14.527107	18.028281
7.55	5.159096	9.370311	14.529407	18.012632
7.56	5.335581	9.196126	14.531707	17.997541
7.57	5.544813	8.989195	14.534008	17.983003
7.58	5.784940	8.751368	14.536308	17.969012
7.59	6.053839	8.484768	14.538608	17.955564
7.6	6.349130	8.191776	14.540906	17.942649
7.61	6.668205	7.874999	14.543204	17.930259
7.62	7.008252	7.537248	14.545500	17.918385
7.63	7.366285	7.181509	14.547794	17.907015
7.64	7.739175	6.810911	14.550086	17.896138
7.65	8.123673	6.428702	14.552375	17.885741
7.66	8.516453	6.038208	14.554661	17.875809
7.67	8.914133	5.642810	14.556943	17.866327
7.68	9.313314	5.245908	14.559222	17.857280
7.69	9.710608	4.850888	14.561496	17.848651
7.7	10.102671	4.461093	14.563765	17.840421
7.71	10.486236	4.079793	14.566028	17.832571
7.72	10.858136	3.710150	14.568286	17.825083
7.73	11.215340	3.355198	14.570538	17.817934
7.74	11.554975	3.017808	14.572782	17.811104
7.75	11.874352	2.700668	14.575020	17.804570
7.76	12.170990	2.406259	14.577249	17.798309
7.77	12.442636	2.136835	14.579470	17.792298
7.78	12.687280	1.894402	14.581682	17.786510
7.79	12.903178	1.680707	14.583885	17.780923
7.8	13.088858	1.497220	14.586078	17.775508
7.81	13.243132	1.345129	14.588261	17.770241
7.82	13.365106	1.225327	14.590433	17.765095
7.83	13.454179	1.138414	14.592593	17.760040
7.84	13.510052	1.084691	14.594742	17.755051
7.85	13.532717	1.064162	14.596879	17.750099
7.86	13.522462	1.076542	14.599004	17.745154
7.87	13.479857	1.121258	14.601115	17.740189
7.88	13.405751	1.197463	14.603214	17.735174
7.89	13.301252	1.304047	14.605299	17.730080
7.9	13.167722	1.439650	14.607371	17.724877
7.91	13.006751	1.602678	14.609430	17.719536
7.92	12.820149	1.791326	14.611474	17.714028
7.93	12.609917	2.003589	14.613505	17.708323
7.94	12.378232	2.237291	14.615523	17.702391
7.95	12.127422	2.490104	14.617526	17.696205
7.96	11.859944	2.759572	14.619516	17.689734
7.97	11.578360	3.043133	14.621493	17.682950
7.98	11.285310	3.338147	14.623457	17.675824
7.99	10.983491	3.641917	14.625407	17.668329
8	10.675630	3.951715	14.627345	17.660438
8.01	10.364462	4.264808	14.629270	17.652123
8.02	10.052703	4.578480	14.631183	17.643357
8.03	9.743027	4.890057	14.633084	17.634116
8.04	9.438045	5.196928	14.634973	17.624374
8.05	9.140283	5.496568	14.636851	17.614106
8.06	8.852157	5.786561	14.638718	17.603290
8.07	8.575960	6.064615	14.640575	17.591901
8.08	8.313837	6.328584	14.642421	17.579919
8.09	8.067771	6.576486	14.644258	17.567323
8.1	7.839570	6.806515	14.646085	17.554092
8.11	7.630848	7.017056	14.647904	17.540209
8.12	7.443016	7.206698	14.649715	17.525654
8.13	7.277274	7.374243	14.651517	17.510412
8.14	7.134599	7.518714	14.653313	17.494466
8.15	7.015742	7.639361	14.655103	17.477804
8.16	6.921221	7.735665	14.656886	17.460411
8.17	6.851325	7.807340	14.658665	17.442276
8.18	6.806109	7.854330	14.660439	17.423389
8.19	6.785402	7.876807	14.662209	17.403740
8.2	6.788808	7.875169	14.663977	17.383323
8.21	6.815716	7.850026	14.665741	17.362130
8.22	6.865309	7.802196	14.667505	17.340157
8.23	6.936574	7.732692	14.669267	17.317401
8.24	7.028321	7.642708	14.671028	17.293859
8.25	7.139188	7.533602	14.672790	17.269532
8.26	7.267669	7.406883	14.674552	17.244420
8.27	7.412123	7.264192	14.676315	17.218525
8.28	7.570798	7.107281	14.678079	17.191852
8.29	7.741849	6.937996	14.679845	17.164406
8.3	7.923359	6.758253	14.681613	17.136194
8.31	8.113361	6.570021	14.683382	17.107225
8.32	8.309856	6.375298	14.685154	17.077508
8.33	8.510837	6.176091	14.686927	17.047056
8.34	8.714307	5.974396	14.688703	17.015880
8.35	8.918303	5.772177	14.690480	16.983995
8.36	9.120910	5.571350	14.692260	16.951416
8.37	9.320283	5.373758	14.694040	16.918161
8.38	9.514662	5.181160	14.695823	16.884248
8.39	9.702390	4.995216	14.697606	16.849696
8.4	9.881924	4.817465	14.699390	16.814526
8.41	10.051852	4.649322	14.701174	16.778761
8.42	10.210899	4.492060	14.702959	16.742424
8.43	10.357940	4.346803	14.704743	16.705539
8.44	10.492006	4.214521	14.706527	16.668131
8.45	10.612291	4.096019	14.708311	16.630228
8.46	10.718154	3.991939	14.710093	16.591857
8.47	10.809121	3.902752	14.711874	16.553046
8.48	10.884888	3.828765	14.713653	16.513824
8.49	10.945316	3.770115	14.715431	16.474223
8.5	10.990430	3.726776	14.717206	16.434272
8.51	11.020414	3.698566	14.718980	16.394004
8.52	11.035605	3.685146	14.720751	16.353450
8.53	11.036484	3.686035	14.722519	16.312644
8.54	11.023671	3.700615	14.724286	16.271618
8.55	10.997909	3.728140	14.726049	16.230407
8.56	10.960061	3.767749	14.727810	16.189044
8.57	10.911090	3.818478	14.729568	16.147564
8.58	10.852054	3.879269	14.731323	16.106002
8.59	10.784087	3.948989	14.733076	16.064391
8.6	10.708391	4.026434	14.734825	16.022767
8.61	10.626218	4.110354	14.736572	15.981165
8.62	10.538859	4.199458	14.738317	15.939619
8.63	10.447626	4.292432	14.740059	15.898163
8.64	10.353845	4.387953	14.741798	15.856832
8.65	10.258833	4.484702	14.743535	15.815659
8.66	10.163895	4.581375	14.745269	15.774679
8.67	10.070301	4.676701	14.747002	15.733924
8.68	9.979281	4.769451	14.748732	15.693427
8.69	9.892010	4.858450	14.750460	15.653220
8.7	9.809596	4.942591	14.752187	15.613335
8.71	9.733071	5.020841	14.753912	15.573801
8.72	9.663382	5.092254	14.755636	15.534649
8.73	9.601382	5.155976	14.757358	15.495907
8.74	9.547821	5.211258	14.759080	15.457604
8.75	9.503343	5.257457	14.760800	15.419767
8.76	9.468478	5.294043	14.762521	15.382422
8.77	9.443639	5.320602	14.764241	15.345594
8.78	9.429119	5.336843	14.765961	15.309306
8.79	9.425091	5.342592	14.767682	15.273582
8.8	9.431606	5.337798	14.769404	15.238443
8.81	9.448595	5.322532	14.771127	15.203909
8.82	9.475873	5.296978	14.772851	15.169999
8.83	9.513138	5.261439	14.774577	15.136731
8.84	9.559982	5.216323	14.776305	15.104120
8.85	9.615891	5.162145	14.778036	15.072182
8.86	9.680256	5.099514	14.779769	15.040929
8.87	9.752379	5.029127	14.781506	15.010374
8.88	9.831482	4.951764	14.783246	14.980527
8.89	9.916717	4.868272	14.784990	14.951397
8.9	10.007176	4.779561	14.786737	14.922990
8.91	10.101901	4.686588	14.788489	14.895313
8.92	10.199894	4.590351	14.790245	14.868369
8.93	10.300130	4.491875	14.792006	14.842162
8.94	10.401568	4.392202	14.793771	14.816693
8.95	10.503162	4.292379	14.795541	14.791960
8.96	10.603871	4.193445	14.797316	14.767963
8.97	10.702669	4.096427	14.799096	14.744697
8.98	10.798560	4.002322	14.800881	14.722157
8.99	10.890581	3.912090	14.802671	14.700337
9	10.977818	3.826648	14.804466	14.679229
9.01	11.059409	3.746857	14.806266	14.658822
9.02	11.134555	3.673516	14.808071	14.639107
9.03	11.202523	3.607357	14.809880	14.620070
9.04	11.262658	3.549036	14.811694	14.601698
9.05	11.314381	3.499132	14.813513	14.583976
9.06	11.357197	3.458139	14.815336	14.566887
9.07	11.390697	3.426465	14.817162	14.550414
9.08	11.414559	3.404434	14.818993	14.534538
9.09	11.428549	3.392278	14.820827	14.519238
9.1	11.432523	3.390142	14.822665	14.504494
9.11	11.426420	3.398085	14.824505	14.490283
9.12	11.410268	3.416081	14.826349	14.476583
9.13	11.384174	3.444021	14.828195	14.463369
9.14	11.348325	3.481719	14.830044	14.450616
9.15	11.302981	3.528913	14.831895	14.438298
9.16	11.248474	3.585274	14.833747	14.426389
9.17	11.185196	3.650406	14.835602	14.414862
9.18	11.113599	3.723858	14.837457	14.403689
9.19	11.034190	3.805124	14.839314	14.392841
9.2	10.947519	3.893653	14.841172	14.382290
9.21	10.854177	3.988854	14.843031	14.372006
9.22	10.754789	4.090101	14.844890	14.361960
9.23	10.650009	4.196740	14.846749	14.352122
9.24	10.540511	4.308098	14.848609	14.342462
9.25	10.426986	4.423482	14.850468	14.332950
9.26	10.310137	4.542189	14.852327	14.323556
9.27	10.190672	4.663513	14.854185	14.314250
9.28	10.069300	4.786743	14.856042	14.305001
9.29	9.946727	4.911172	14.857899	14.295780
9.3	9.823653	5.036101	14.859754	14.286558
9.31	9.700769	5.160839	14.861608	14.277305
9.32	9.578750	5.284710	14.863460	14.267991
9.33	9.458258	5.407052	14.865310	14.258590
9.34	9.339936	5.527221	14.867158	14.249073
9.35	9.224409	5.644594	14.869004	14.239412
9.36	9.112280	5.758567	14.870847	14.229581
9.37	9.004128	5.868560	14.872688	14.219554
9.38	8.900511	5.974014	14.874526	14.209306
9.39	8.801962	6.074398	14.876361	14.198812
9.4	8.708989	6.169204	14.878193	14.188048
9.41	8.622073	6.257949	14.880022	14.176993
9.42	8.541669	6.340179	14.881847	14.165624
9.43	8.468204	6.415466	14.883670	14.153920
9.44	8.402079	6.483411	14.885489	14.141862
9.45	8.343662	6.543644	14.887306	14.129432
9.46	8.293294	6.595825	14.889119	14.116611
9.47	8.251283	6.639647	14.890929	14.103384
9.48	8.217903	6.674833	14.892737	14.089734
9.49	8.193397	6.701145	14.894542	14.075650
9.5	8.177969	6.718376	14.896345	14.061116
9.51	8.171786	6.726359	14.898145	14.046123
9.52	8.174976	6.724968	14.899944	14.030659
9.53	8.187627	6.714115	14.901741	14.014715
9.54	8.209780	6.693757	14.903537	13.998285
9.55	8.241435	6.663897	14.905332	13.981361
9.56	8.282543	6.624584	14.907127	13.963937
9.57	8.333006	6.575915	14.908921	13.946011
9.58	8.392677	6.518038	14.910715	13.927579
9.59	8.461356	6.451153	14.912509	13.908640
9.6	8.538791	6.375514	14.914304	13.889194
9.61	8.624673	6.291426	14.916100	13.869241
9.62	8.718643	6.199253	14.917896	13.848784
9.63	8.820280	6.099413	14.919693	13.827827
9.64	8.929113	5.992378	14.921491	13.806373
9.65	9.044612	5.878679	14.923291	13.784429
9.66	9.166191	5.758900	14.925092	13.762002
9.67	9.293213	5.633681	14.926894	13.739098
9.68	9.424985	5.503712	14.928697	13.715728
9.69	9.560766	5.369736	14.930502	13.691902
9.7	9.699764	5.232544	14.932308	13.667629
9.71	9.841144	5.092972	14.934116	13.642922
9.72	9.984029	4.951897	14.935926	13.617794
9.73	10.127506	4.810231	14.937737	13.592259
9.74	10.270632	4.668919	14.939550	13.566329
9.75	10.412438	4.528928	14.941365	13.540022
9.76	10.551940	4.391243	14.943183	13.513352
9.77	10.688142	4.256860	14.945002	13.486335
9.78	10.820052	4.126772	14.946824	13.458990
9.79	10.946684	4.001965	14.948649	13.431333
9.8	11.067074	3.883402	14.950476	13.403382
9.81	11.180289	3.772018	14.952307	13.375157
9.82	11.285436	3.668704	14.954140	13.346675
9.83	11.381681	3.574296	14.955977	13.317956
9.84	11.468251	3.489566	14.957816	13.289019
9.85	11.544454	3.415205	14.959659	13.259884
9.86	11.609687	3.351818	14.961505	13.230572
9.87	11.663445	3.299909	14.963354	13.201100
9.88	11.705334	3.259872	14.965206	13.171491
9.89	11.735077	3.231982	14.967060	13.141763
9.9	11.752524	3.216392	14.968916	13.111936
9.91	11.757656	3.213118	14.970774	13.082030
9.92	11.750588	3.222046	14.972634	13.052065
9.93	11.731572	3.242922	14.974494	13.022061
9.94	11.701001	3.275355	14.976355	12.992035
9.95	11.659399	3.318818	14.978217	12.962007
9.96	11.607422	3.372655	14.980077	12.931996
9.97	11.545853	3.436084	14.981937	12.902019
9.98	11.475588	3.508207	14.983795	12.872094
9.99	11.397631	3.588021	14.985652	12.842238
10	11.313078	3.674428	14.987506	12.812467
