56.106
52.2772
66.3703
60.2022
45.6259
50.0286
66.2856
66.9706
50.1571
48.5194
39.5287
52.3409
51.1841
61.0466
63.5592
49.8134
60.0129
56.0841
69.2858
46.5148
44.6677
63.6388
56.4709
66.7163
70.2702
51.3834
76.0365
54.6166
66.211
54.0819
48.9632
65.4017
54.0892
53.733
66.3468
57.7047
55.9056
51.1856
47.0619
64.3782
48.2836
62.0125
68.3143
54.0523
64.7296
50.9897
67.0127
62.388
69.2209
67.2454
42.476
63.3278
59.743
61.4243
55.5793
51.9095
49.7113
49.2999
53.597
53.9999
59.2074
60.929
60.5463
56.7958
58.2387
57.1052
58.0004
61.8279
53.9032
63.5085
50.5695
56.9465
62.8773
58.3981
68.9159
59.557
63.5636
69.5151
45.9452
44.6318
52.0262
50.113
61.9424
44.9124
48.904
50.1727
46.112
59.8112
52.8811
46.4377
48.752
53.0245
57.0776
61.7819
61.231
65.101
66.0938
72.4996
61.0419
58.1253
