0.00023939 0.00026459 0.00025649 0.00020178
0.00030783 0.00034048 0.00032992 0.00025901
0.00036285 0.00040151 0.00038907 0.00030481
0.00041002 0.00045395 0.00043985 0.00034403
0.00045187 0.00050040 0.00048482 0.00037886
0.00048980 0.00054211 0.00052532 0.00040981
0.00052462 0.00058131 0.00056361 0.00043876
0.00055679 0.00061714 0.00059774 0.00046460
0.00058739 0.00065046 0.00063038 0.00048927
0.00061480 0.00068248 0.00066130 0.00051147
0.00064235 0.00071133 0.00069042 0.00053331
0.00066841 0.00074034 0.00071872 0.00055576
0.00069185 0.00076796 0.00074457 0.00057591
0.00071595 0.00079337 0.00076900 0.00059333
0.00073671 0.00081870 0.00079463 0.00061110
0.00075992 0.00084384 0.00081811 0.00062892
0.00078178 0.00086695 0.00083964 0.00064703
0.00080215 0.00088726 0.00086307 0.00066012
0.00082153 0.00090949 0.00087987 0.00067526
0.00083898 0.00092953 0.00090416 0.00069172
0.00085848 0.00095390 0.00092272 0.00070667
0.00087371 0.00096713 0.00094184 0.00072140
0.00089163 0.00098989 0.00096136 0.00073109
0.00091093 0.00100697 0.00097701 0.00074412
0.00092605 0.00102613 0.00099351 0.00075594
0.00094344 0.00104718 0.00101309 0.00077039
0.00095497 0.00105849 0.00102834 0.00078393
0.00097330 0.00108154 0.00104544 0.00079212
0.00099334 0.00109286 0.00106140 0.00080902
0.00100386 0.00111449 0.00107979 0.00081505
0.00101662 0.00112355 0.00109862 0.00083122
0.00102876 0.00113825 0.00111078 0.00083493
0.00104310 0.00115143 0.00112783 0.00085265
0.00105766 0.00116892 0.00114126 0.00085941
0.00107481 0.00118277 0.00115235 0.00087095
0.00108689 0.00119107 0.00116907 0.00087990
0.00109998 0.00121153 0.00118903 0.00088750
0.00110898 0.00122200 0.00119595 0.00090041
0.00112247 0.00123414 0.00120935 0.00090086
0.00113423 0.00125135 0.00122822 0.00091164
0.00115169 0.00126259 0.00124052 0.00092588
0.00115424 0.00127413 0.00124902 0.00093408
0.00116999 0.00129239 0.00126061 0.00094016
0.00117289 0.00130878 0.00127162 0.00095153
0.00119259 0.00132063 0.00128309 0.00096299
0.00120469 0.00132466 0.00130733 0.00097342
0.00121176 0.00133233 0.00131132 0.00097763
0.00122270 0.00134824 0.00131636 0.00098193
0.00124311 0.00135614 0.00133916 0.00099618
0.00124943 0.00137659 0.00134926 0.00099316
0.00125418 0.00137739 0.00135716 0.00099462
0.00126432 0.00140314 0.00137022 0.00101716
0.00127475 0.00140040 0.00138221 0.00101499
0.00128039 0.00141009 0.00137395 0.00102165
0.00129762 0.00142747 0.00138448 0.00102489
0.00131068 0.00142580 0.00140583 0.00103469
0.00129854 0.00142643 0.00141944 0.00105315
0.00131806 0.00146485 0.00143711 0.00105361
0.00132547 0.00146257 0.00143252 0.00104675
0.00132873 0.00144105 0.00144619 0.00105720
0.00133790 0.00146096 0.00145592 0.00108419
0.00135854 0.00149493 0.00148146 0.00107454
0.00135696 0.00151015 0.00147963 0.00108674
0.00137674 0.00150364 0.00148319 0.00109810
0.00138279 0.00151289 0.00148429 0.00108199
0.00139804 0.00152602 0.00150755 0.00110530
0.00139144 0.00154514 0.00150698 0.00111236
0.00142596 0.00155836 0.00153183 0.00111347
0.00141799 0.00154945 0.00153885 0.00111787
0.00141564 0.00156442 0.00153945 0.00110168
0.00141561 0.00157210 0.00155721 0.00111842
0.00145359 0.00156980 0.00156560 0.00114450
0.00142055 0.00157122 0.00154603 0.00112983
0.00144413 0.00158598 0.00157800 0.00113774
0.00145883 0.00160349 0.00158291 0.00113592
0.00145404 0.00160517 0.00159655 0.00116170
0.00146931 0.00164051 0.00161103 0.00116114
0.00148284 0.00161461 0.00160228 0.00115865
0.00149192 0.00165150 0.00162332 0.00118003
0.00148904 0.00161460 0.00161584 0.00116647
0.00150394 0.00164011 0.00163878 0.00118772
0.00149550 0.00166120 0.00163366 0.00117904
0.00149103 0.00167758 0.00165666 0.00118871
0.00150465 0.00162467 0.00165851 0.00119507
0.00155705 0.00166259 0.00166507 0.00119944
0.00153558 0.00171631 0.00166888 0.00119338
0.00152485 0.00167695 0.00166752 0.00121126
0.00154006 0.00166208 0.00168433 0.00124178
0.00155768 0.00170617 0.00168291 0.00120929
0.00156597 0.00170269 0.00169148 0.00122302
0.00152918 0.00169498 0.00170724 0.00121234
0.00155978 0.00170305 0.00172115 0.00118519
0.00158274 0.00171254 0.00174247 0.00121986
0.00157128 0.00172057 0.00173360 0.00126003
0.00158547 0.00175533 0.00174626 0.00123384
0.00160042 0.00170731 0.00175061 0.00124960
0.00158927 0.00174546 0.00173541 0.00121767
0.00161247 0.00171395 0.00175498 0.00125953
0.00159222 0.00175284 0.00172653 0.00125154
0.00164275 0.00175998 0.00177775 0.00122973
0.00162468 0.00183093 0.00176347 0.00128714
0.00161051 0.00178232 0.00180112 0.00128477
0.00160994 0.00180848 0.00174550 0.00127466
0.00165483 0.00171901 0.00178217 0.00126908
0.00161540 0.00179086 0.00182633 0.00127019
0.00166772 0.00181822 0.00180977 0.00129455
0.00165173 0.00182761 0.00183495 0.00127029
0.00164230 0.00176859 0.00180248 0.00126352
0.00166131 0.00178387 0.00184178 0.00124566
0.00164491 0.00184202 0.00182544 0.00130372
0.00168997 0.00181093 0.00182412 0.00132667
0.00166016 0.00179554 0.00185061 0.00131239
0.00164948 0.00182659 0.00184862 0.00128242
0.00169027 0.00189308 0.00185172 0.00129831
0.00167599 0.00177876 0.00186252 0.00131138
0.00170451 0.00185081 0.00184161 0.00132645
0.00168518 0.00187596 0.00185846 0.00135833
0.00166897 0.00182821 0.00187698 0.00129578
0.00174629 0.00185690 0.00188077 0.00135735
0.00173304 0.00192896 0.00191876 0.00133553
0.00169455 0.00180247 0.00187051 0.00130480
0.00175282 0.00191486 0.00190964 0.00134725
0.00173037 0.00186765 0.00191997 0.00134870
0.00171286 0.00188928 0.00190140 0.00132612
0.00173087 0.00187280 0.00196919 0.00134583
0.00170197 0.00189980 0.00191056 0.00129016
0.00178506 0.00185837 0.00195677 0.00134969
0.00178054 0.00192483 0.00190319 0.00135294
0.00174835 0.00192121 0.00195968 0.00136549
0.00172744 0.00185319 0.00194707 0.00136545
0.00176037 0.00189270 0.00195504 0.00134823
0.00172223 0.00190680 0.00194138 0.00139024
0.00170390 0.00196864 0.00196378 0.00135749
0.00171782 0.00187519 0.00193462 0.00134144
0.00177037 0.00201591 0.00197502 0.00142089
0.00180759 0.00185304 0.00195907 0.00140300
0.00181431 0.00195271 0.00200143 0.00135641
0.00177024 0.00194247 0.00196036 0.00137693
0.00178433 0.00192685 0.00200992 0.00131929
0.00174335 0.00193679 0.00197192 0.00137791
0.00176790 0.00187338 0.00201238 0.00134017
0.00177702 0.00200355 0.00198445 0.00134281
0.00177738 0.00197926 0.00202633 0.00142300
0.00177318 0.00196794 0.00200114 0.00141945
0.00177088 0.00191811 0.00199355 0.00141043
0.00179414 0.00198875 0.00199383 0.00136894
0.00187249 0.00204831 0.00205193 0.00138897
0.00181601 0.00195155 0.00207954 0.00140921
0.00184218 0.00197461 0.00207461 0.00138726
0.00181663 0.00195931 0.00202171 0.00132053
0.00184108 0.00195974 0.00207644 0.00139168
0.00187336 0.00199075 0.00205307 0.00147103
0.00184272 0.00196146 0.00202946 0.00141189
0.00179710 0.00204344 0.00206742 0.00139779
0.00180266 0.00203530 0.00211506 0.00143479
0.00186115 0.00200358 0.00212692 0.00141946
0.00182925 0.00202484 0.00210243 0.00137483
0.00180496 0.00190334 0.00204575 0.00136811
0.00179960 0.00198054 0.00208312 0.00137312
0.00178983 0.00206850 0.00211484 0.00135239
0.00186150 0.00207075 0.00210688 0.00141261
0.00187752 0.00202751 0.00211482 0.00147221
0.00187134 0.00196585 0.00215224 0.00141426
0.00189587 0.00200891 0.00214881 0.00141204
0.00186708 0.00199242 0.00208632 0.00149490
0.00189843 0.00200223 0.00210967 0.00148001
0.00192112 0.00205436 0.00213969 0.00143842
0.00184388 0.00204843 0.00209770 0.00142181
0.00182904 0.00208895 0.00212415 0.00140478
0.00188242 0.00211275 0.00213736 0.00141555
0.00194313 0.00202063 0.00216734 0.00142366
0.00192774 0.00199153 0.00220797 0.00143837
0.00189647 0.00202440 0.00218742 0.00145630
0.00189344 0.00199685 0.00215141 0.00149992
0.00186417 0.00205349 0.00214970 0.00154141
0.00187038 0.00215375 0.00217047 0.00149982
0.00196161 0.00213092 0.00216926 0.00145896
0.00202616 0.00205349 0.00215599 0.00148636
0.00200615 0.00203134 0.00219637 0.00150167
0.00186685 0.00204712 0.00222166 0.00145422
0.00181258 0.00199172 0.00223317 0.00143741
0.00188204 0.00203330 0.00222287 0.00145119
0.00193671 0.00213098 0.00219502 0.00142669
0.00193290 0.00211652 0.00223313 0.00141397
0.00193724 0.00209811 0.00228006 0.00143553
0.00191029 0.00205095 0.00217853 0.00145310
0.00188694 0.00211941 0.00214761 0.00144846
0.00182534 0.00210313 0.00216293 0.00149028
0.00186109 0.00207951 0.00227515 0.00153818
0.00189371 0.00202610 0.00227805 0.00155967
0.00195979 0.00211009 0.00224786 0.00148498
0.00198681 0.00213571 0.00226183 0.00142664
0.00197227 0.00209427 0.00226244 0.00142586
0.00191641 0.00206458 0.00222924 0.00143584
0.00195047 0.00213498 0.00222754 0.00148613
0.00201246 0.00221404 0.00228061 0.00151977
0.00197447 0.00210553 0.00228599 0.00148704
0.00195147 0.00205673 0.00225268 0.00151821
0.00191483 0.00201484 0.00218325 0.00148464
0.00194526 0.00214940 0.00218307 0.00148969
0.00199654 0.00214335 0.00222249 0.00144715
0.00197921 0.00212314 0.00230378 0.00152024
0.00198800 0.00206484 0.00233678 0.00154772
0.00200179 0.00211035 0.00234111 0.00158942
0.00201342 0.00225198 0.00227008 0.00159947
0.00201158 0.00221957 0.00221582 0.00151375
0.00196831 0.00215017 0.00223857 0.00147955
0.00200606 0.00201500 0.00228494 0.00152203
0.00200233 0.00205471 0.00227183 0.00156469
0.00198426 0.00216345 0.00229086 0.00159234
0.00199461 0.00216392 0.00232906 0.00152708
0.00202177 0.00214749 0.00234670 0.00151173
0.00203143 0.00211129 0.00232182 0.00152648
0.00197027 0.00218454 0.00223181 0.00151625
0.00197720 0.00226477 0.00220383 0.00153573
0.00194134 0.00225764 0.00224717 0.00152439
0.00203157 0.00220026 0.00236335 0.00161390
0.00203295 0.00208396 0.00242881 0.00158670
0.00203407 0.00206135 0.00242085 0.00159655
0.00203717 0.00215092 0.00232932 0.00158255
0.00201134 0.00212876 0.00226249 0.00152726
0.00201820 0.00208661 0.00230115 0.00151136
0.00197516 0.00209415 0.00231087 0.00153873
0.00191688 0.00199809 0.00232557 0.00151057
0.00192074 0.00206051 0.00227902 0.00152127
0.00195325 0.00221424 0.00229167 0.00154862
0.00203799 0.00219829 0.00242533 0.00161338
0.00211382 0.00223073 0.00247810 0.00163422
0.00212113 0.00220637 0.00245038 0.00161512
0.00210227 0.00216446 0.00243965 0.00159594
0.00210181 0.00219119 0.00234670 0.00156738
0.00209641 0.00233549 0.00230716 0.00152988
0.00203991 0.00232425 0.00229796 0.00152472
0.00200888 0.00226519 0.00234494 0.00154655
0.00203244 0.00211742 0.00239811 0.00155710
0.00199907 0.00199262 0.00245459 0.00152746
0.00194715 0.00197480 0.00244138 0.00157034
0.00201868 0.00212258 0.00246848 0.00162409
0.00202941 0.00219388 0.00245706 0.00158117
0.00208757 0.00226003 0.00245437 0.00152782
0.00213600 0.00229862 0.00240704 0.00152729
0.00211272 0.00218502 0.00239253 0.00152275
0.00202223 0.00214273 0.00239840 0.00155364
0.00203234 0.00218984 0.00245371 0.00159574
0.00197116 0.00227205 0.00242754 0.00161138
0.00194407 0.00230862 0.00247303 0.00161697
0.00200596 0.00232936 0.00253073 0.00163096
0.00205895 0.00228552 0.00255424 0.00162472
0.00209267 0.00211551 0.00255118 0.00163138
0.00216976 0.00199562 0.00260445 0.00166066
0.00217737 0.00198925 0.00251752 0.00163699
0.00213983 0.00205100 0.00244302 0.00161715
0.00210341 0.00209575 0.00244744 0.00162065
0.00209401 0.00215022 0.00248712 0.00161440
0.00209184 0.00220307 0.00248743 0.00163787
0.00215608 0.00215107 0.00253689 0.00166332
0.00214775 0.00208383 0.00252027 0.00165546
0.00215925 0.00211558 0.00249374 0.00164964
0.00209563 0.00224614 0.00245835 0.00164298
0.00206735 0.00230680 0.00243709 0.00164234
0.00209724 0.00234162 0.00244321 0.00160502
0.00211881 0.00238924 0.00247123 0.00161373
0.00215834 0.00237213 0.00254814 0.00164180
0.00219650 0.00225890 0.00257445 0.00167509
0.00218602 0.00211386 0.00255656 0.00166590
0.00216673 0.00210500 0.00251502 0.00161373
0.00208432 0.00220193 0.00245326 0.00157170
0.00205211 0.00226468 0.00242902 0.00152990
0.00203486 0.00230156 0.00248155 0.00155433
0.00208485 0.00236245 0.00260040 0.00161872
0.00207179 0.00231394 0.00262630 0.00166981
0.00203293 0.00217885 0.00264041 0.00169395
0.00204463 0.00201935 0.00261425 0.00170720
0.00206188 0.00200641 0.00259595 0.00167421
0.00208888 0.00218937 0.00257250 0.00167543
0.00211004 0.00227990 0.00255112 0.00165614
0.00215066 0.00235859 0.00251165 0.00160290
0.00222819 0.00241233 0.00254818 0.00162954
0.00223993 0.00239156 0.00250670 0.00162678
0.00221581 0.00230530 0.00247693 0.00162244
0.00214624 0.00217455 0.00246506 0.00163949
0.00209351 0.00199349 0.00245435 0.00162320
0.00206670 0.00196772 0.00245175 0.00158570
0.00205894 0.00214661 0.00247367 0.00158315
0.00201536 0.00225792 0.00245656 0.00160838
0.00207591 0.00234669 0.00249154 0.00169265
0.00211653 0.00240718 0.00249324 0.00171037
0.00215556 0.00241007 0.00249479 0.00166478
0.00221682 0.00227285 0.00248909 0.00166308
0.00221722 0.00215019 0.00247038 0.00165781
0.00222167 0.00203957 0.00243465 0.00163695
0.00220000 0.00196309 0.00240565 0.00164953
0.00217634 0.00202814 0.00244577 0.00162998
0.00223727 0.00217946 0.00257248 0.00165397
0.00220866 0.00221823 0.00259145 0.00163823
0.00218716 0.00230740 0.00257979 0.00162706
0.00219885 0.00243330 0.00258219 0.00163793
0.00222505 0.00238808 0.00255647 0.00162240
0.00221597 0.00233572 0.00255757 0.00158525
0.00218353 0.00229271 0.00254715 0.00153401
0.00218035 0.00226864 0.00253032 0.00150972
0.00214825 0.00220896 0.00254523 0.00148938
0.00214851 0.00221404 0.00263559 0.00157776
0.00211866 0.00227530 0.00264157 0.00163805
0.00212861 0.00227410 0.00260084 0.00166674
0.00213498 0.00230169 0.00251443 0.00166485
0.00214891 0.00237367 0.00244699 0.00166509
0.00217102 0.00234614 0.00242819 0.00167247
0.00218336 0.00232276 0.00242884 0.00166274
0.00217636 0.00230377 0.00246045 0.00169544
0.00218997 0.00226665 0.00247071 0.00170096
0.00227824 0.00226526 0.00254962 0.00172868
0.00226995 0.00221957 0.00256910 0.00166426
0.00221378 0.00221061 0.00260595 0.00163425
0.00215878 0.00228144 0.00264785 0.00160136
0.00212782 0.00233294 0.00263560 0.00159283
0.00212643 0.00242714 0.00255723 0.00159293
0.00211416 0.00247451 0.00251909 0.00157523
0.00209780 0.00244440 0.00247849 0.00156682
0.00208913 0.00235477 0.00246417 0.00157182
0.00208234 0.00229362 0.00247678 0.00159275
0.00216580 0.00222306 0.00254764 0.00170425
0.00218227 0.00215114 0.00256774 0.00174349
0.00214893 0.00212341 0.00259653 0.00178907
0.00216026 0.00212467 0.00266025 0.00180468
0.00217360 0.00214624 0.00266932 0.00177747
0.00216252 0.00223136 0.00268736 0.00174400
0.00216943 0.00232253 0.00266908 0.00173706
0.00220379 0.00238136 0.00260793 0.00175037
0.00222187 0.00244620 0.00251345 0.00178508
0.00219536 0.00238690 0.00243167 0.00177810
0.00220562 0.00228288 0.00241994 0.00171900
0.00227910 0.00222085 0.00248215 0.00169802
0.00229609 0.00216917 0.00247444 0.00165415
0.00224711 0.00213824 0.00248138 0.00158116
0.00216501 0.00208833 0.00252688 0.00153898
0.00210914 0.00214032 0.00256728 0.00151405
0.00208768 0.00219545 0.00257505 0.00153731
0.00209421 0.00225742 0.00259486 0.00158825
0.00213967 0.00229520 0.00264116 0.00166833
0.00223750 0.00234742 0.00267985 0.00171333
0.00230487 0.00237873 0.00267159 0.00174103
0.00232505 0.00244686 0.00262617 0.00170589
0.00233324 0.00241342 0.00255126 0.00169159
0.00238003 0.00236758 0.00260822 0.00173224
0.00238080 0.00225511 0.00259085 0.00171416
0.00238197 0.00216883 0.00255549 0.00168263
0.00234925 0.00212008 0.00253924 0.00163420
0.00228913 0.00210799 0.00254300 0.00159991
0.00222144 0.00215111 0.00256877 0.00156711
0.00217311 0.00223653 0.00259382 0.00154737
0.00216581 0.00233471 0.00263620 0.00154357
0.00218253 0.00225714 0.00264468 0.00154595
0.00220760 0.00225833 0.00265722 0.00159688
0.00226344 0.00230494 0.00266174 0.00164938
0.00229196 0.00238647 0.00265904 0.00172825
0.00241408 0.00250849 0.00271951 0.00184894
0.00245438 0.00249300 0.00270570 0.00186940
0.00243479 0.00246941 0.00272189 0.00187058
0.00237624 0.00242617 0.00272474 0.00184519
0.00236798 0.00237516 0.00269678 0.00186648
0.00233046 0.00231860 0.00267255 0.00187926
0.00229349 0.00226361 0.00266854 0.00187668
0.00226863 0.00223927 0.00266636 0.00182036
0.00226573 0.00229335 0.00267560 0.00176209
0.00228941 0.00235254 0.00266949 0.00170734
0.00232809 0.00242487 0.00269628 0.00166670
0.00235941 0.00234597 0.00271242 0.00163678
0.00233636 0.00229377 0.00274700 0.00161647
0.00241840 0.00238142 0.00284954 0.00166502
0.00242616 0.00244441 0.00284047 0.00164711
0.00245149 0.00244330 0.00278021 0.00166006
0.00249006 0.00241635 0.00269695 0.00167536
0.00249685 0.00241937 0.00267252 0.00168096
0.00248951 0.00240055 0.00262920 0.00170427
0.00246451 0.00234834 0.00258453 0.00172751
0.00241719 0.00232035 0.00257263 0.00171758
0.00233794 0.00223831 0.00257242 0.00168456
0.00225996 0.00220733 0.00261585 0.00166526
0.00221409 0.00219069 0.00265833 0.00165367
0.00216416 0.00221753 0.00271457 0.00163248
0.00212698 0.00224731 0.00274634 0.00158915
0.00208945 0.00234486 0.00274359 0.00153124
0.00206064 0.00233621 0.00274211 0.00149166
0.00213813 0.00228068 0.00282421 0.00152389
0.00213287 0.00227498 0.00287001 0.00151690
0.00213453 0.00232010 0.00290079 0.00151332
0.00213390 0.00233348 0.00290440 0.00155278
0.00215492 0.00231726 0.00287996 0.00161809
0.00225340 0.00233471 0.00284728 0.00166808
0.00233111 0.00233505 0.00281830 0.00171275
0.00239744 0.00231523 0.00277907 0.00173613
0.00242476 0.00230043 0.00275402 0.00172614
0.00239077 0.00226752 0.00272221 0.00173540
0.00237648 0.00223314 0.00272056 0.00173162
0.00238216 0.00223387 0.00272692 0.00174969
0.00236220 0.00223135 0.00276675 0.00175305
0.00234678 0.00226576 0.00280531 0.00173096
0.00231839 0.00233499 0.00282186 0.00170757
0.00236539 0.00250668 0.00289247 0.00171463
0.00233961 0.00257748 0.00289157 0.00165718
0.00233144 0.00256968 0.00292465 0.00157927
0.00231900 0.00249075 0.00295018 0.00149373
0.00230649 0.00245125 0.00298371 0.00146080
0.00228112 0.00247018 0.00303025 0.00143226
0.00226289 0.00246424 0.00301498 0.00141865
0.00224306 0.00239761 0.00297121 0.00143597
0.00224211 0.00235615 0.00290698 0.00144232
0.00224162 0.00233380 0.00285689 0.00146499
0.00226473 0.00229386 0.00280904 0.00147178
0.00230869 0.00226067 0.00276315 0.00146705
0.00235071 0.00220976 0.00271677 0.00148447
0.00234903 0.00219487 0.00269912 0.00150758
0.00230734 0.00211835 0.00267921 0.00151815
0.00228219 0.00205186 0.00268330 0.00154618
0.00226819 0.00199773 0.00269687 0.00158092
0.00234942 0.00206764 0.00279295 0.00169314
0.00235203 0.00213799 0.00280361 0.00175922
0.00234645 0.00230751 0.00283658 0.00184147
0.00233571 0.00241235 0.00287388 0.00190215
0.00230740 0.00245516 0.00292032 0.00193672
0.00228725 0.00245368 0.00296121 0.00191162
0.00229408 0.00237616 0.00301934 0.00186644
0.00228224 0.00234097 0.00305639 0.00183124
0.00225385 0.00236387 0.00307047 0.00181344
0.00223325 0.00238713 0.00303663 0.00179816
0.00218741 0.00240925 0.00301710 0.00178617
0.00213115 0.00241211 0.00295504 0.00176914
0.00213240 0.00241492 0.00289174 0.00176017
0.00217492 0.00239971 0.00282893 0.00173038
0.00218110 0.00236697 0.00281770 0.00169681
0.00220019 0.00231814 0.00280075 0.00166796
0.00221815 0.00225787 0.00278993 0.00164985
0.00224163 0.00217015 0.00276959 0.00163238
0.00234722 0.00212326 0.00283685 0.00169984
0.00236343 0.00205446 0.00282242 0.00170048
0.00238827 0.00203731 0.00280392 0.00170852
0.00239599 0.00208024 0.00277628 0.00173864
0.00238834 0.00220362 0.00275004 0.00175109
0.00235827 0.00236313 0.00274630 0.00176198
0.00231636 0.00247314 0.00275869 0.00174795
0.00227626 0.00250943 0.00277428 0.00172137
0.00223755 0.00252488 0.00281778 0.00172925
0.00222549 0.00252301 0.00286966 0.00171288
0.00224282 0.00250998 0.00292221 0.00171382
0.00221758 0.00247782 0.00295626 0.00175238
0.00214987 0.00246607 0.00298883 0.00177501
0.00209680 0.00246063 0.00301132 0.00176254
0.00207261 0.00246893 0.00302574 0.00172256
0.00206267 0.00247337 0.00300550 0.00170840
0.00209982 0.00247941 0.00297072 0.00171030
0.00212035 0.00251607 0.00295823 0.00169281
0.00211964 0.00248985 0.00296996 0.00168919
0.00219383 0.00249428 0.00309667 0.00176607
0.00222977 0.00244179 0.00312783 0.00173940
0.00227561 0.00239259 0.00313243 0.00172230
0.00229952 0.00234722 0.00310996 0.00168970
0.00233310 0.00230212 0.00307897 0.00166606
0.00236541 0.00226303 0.00305850 0.00164064
0.00239237 0.00223732 0.00304207 0.00161400
0.00243659 0.00225608 0.00301346 0.00158151
0.00245078 0.00231292 0.00300094 0.00154616
0.00242361 0.00242775 0.00297936 0.00151255
0.00239405 0.00252099 0.00295522 0.00146933
0.00237653 0.00256228 0.00295892 0.00143498
0.00236421 0.00258511 0.00294000 0.00142893
0.00235149 0.00259014 0.00293532 0.00142762
0.00233990 0.00258998 0.00291844 0.00142192
0.00231200 0.00257853 0.00293196 0.00142511
0.00230571 0.00246338 0.00291995 0.00145859
0.00228807 0.00231957 0.00291373 0.00149737
0.00224963 0.00226952 0.00295365 0.00151854
0.00221683 0.00224800 0.00293594 0.00155582
0.00218048 0.00225420 0.00290666 0.00162256
0.00216450 0.00226425 0.00283371 0.00168649
0.00223974 0.00230115 0.00285193 0.00180265
0.00225359 0.00230067 0.00280282 0.00179991
0.00224021 0.00229183 0.00280115 0.00179536
0.00222846 0.00227166 0.00282628 0.00174549
0.00223370 0.00222945 0.00284842 0.00169279
0.00226068 0.00217957 0.00287325 0.00166711
0.00228442 0.00213366 0.00289720 0.00165204
0.00230781 0.00208004 0.00290012 0.00163797
0.00233118 0.00204931 0.00290746 0.00164327
0.00234377 0.00204443 0.00289832 0.00165012
0.00233291 0.00208366 0.00290076 0.00167149
0.00232360 0.00214962 0.00289916 0.00168337
0.00233715 0.00220539 0.00291462 0.00166817
0.00235348 0.00230669 0.00292822 0.00164247
0.00234516 0.00240476 0.00295397 0.00164364
0.00233665 0.00248465 0.00295929 0.00164461
0.00234041 0.00253666 0.00299850 0.00164489
0.00235259 0.00259860 0.00303029 0.00165164
0.00239923 0.00263051 0.00304183 0.00167225
0.00241960 0.00267777 0.00305828 0.00172025
0.00243228 0.00268373 0.00305712 0.00177090
0.00244772 0.00261509 0.00306647 0.00180455
0.00245832 0.00249210 0.00306688 0.00182279
0.00242743 0.00240604 0.00306026 0.00182918
0.00247121 0.00240135 0.00315905 0.00191985
0.00248821 0.00238594 0.00311555 0.00191995
0.00250205 0.00238818 0.00306772 0.00189592
0.00247513 0.00236435 0.00299580 0.00188192
0.00245486 0.00233956 0.00292778 0.00184287
0.00242310 0.00234621 0.00289867 0.00180585
0.00240680 0.00232849 0.00288849 0.00181288
0.00242098 0.00229293 0.00289510 0.00181250
0.00245162 0.00224988 0.00290018 0.00180822
0.00247590 0.00218011 0.00292397 0.00180422
0.00251136 0.00214199 0.00292332 0.00181021
0.00253542 0.00209279 0.00291258 0.00181368
0.00253494 0.00204666 0.00289605 0.00182017
0.00254660 0.00201626 0.00287635 0.00181478
0.00255120 0.00201799 0.00284614 0.00179134
0.00257309 0.00205048 0.00282300 0.00176677
0.00258120 0.00210091 0.00279291 0.00174076
0.00253536 0.00215292 0.00278145 0.00172904
0.00250269 0.00224235 0.00276271 0.00171735
0.00250107 0.00230258 0.00276690 0.00170169
0.00252612 0.00230935 0.00276945 0.00167887
0.00256456 0.00235199 0.00278414 0.00166749
0.00260087 0.00239951 0.00281772 0.00164361
0.00263582 0.00245741 0.00287146 0.00163596
0.00264276 0.00254927 0.00293363 0.00163197
0.00263661 0.00257923 0.00297372 0.00162867
0.00269163 0.00266040 0.00308589 0.00171202
0.00269792 0.00263652 0.00313175 0.00170069
0.00270097 0.00257698 0.00318717 0.00169888
0.00271301 0.00244296 0.00319725 0.00172053
0.00269681 0.00232685 0.00320240 0.00175040
0.00269112 0.00228113 0.00320277 0.00177118
0.00267069 0.00227423 0.00316332 0.00179554
0.00263173 0.00224851 0.00311542 0.00182127
0.00256923 0.00223004 0.00307117 0.00185007
0.00252011 0.00221524 0.00304268 0.00186040
0.00249356 0.00221207 0.00301307 0.00185607
0.00247025 0.00220754 0.00299555 0.00184244
0.00243997 0.00219140 0.00299554 0.00186401
0.00240389 0.00218360 0.00302952 0.00188789
0.00237066 0.00218267 0.00303359 0.00190071
0.00234752 0.00216494 0.00302282 0.00192145
0.00232143 0.00215527 0.00300165 0.00195588
0.00231005 0.00213206 0.00296123 0.00198063
0.00229757 0.00211882 0.00290305 0.00199736
0.00228896 0.00212240 0.00286911 0.00200037
0.00227432 0.00216748 0.00282611 0.00197391
0.00227188 0.00224858 0.00279023 0.00193317
0.00229493 0.00235584 0.00274741 0.00191059
0.00233667 0.00247236 0.00269941 0.00187051
0.00236516 0.00259446 0.00267193 0.00184508
0.00238461 0.00267560 0.00264897 0.00180895
0.00240568 0.00269491 0.00263524 0.00175874
0.00242431 0.00270482 0.00265765 0.00170416
0.00244931 0.00273646 0.00267937 0.00165076
0.00252855 0.00284689 0.00277165 0.00171169
0.00256925 0.00288779 0.00277675 0.00168404
0.00260980 0.00291866 0.00279176 0.00165159
0.00263833 0.00292206 0.00281007 0.00161611
0.00266559 0.00291942 0.00281047 0.00157740
0.00270293 0.00287569 0.00282053 0.00154554
0.00271429 0.00284155 0.00282855 0.00152021
0.00271619 0.00278605 0.00284260 0.00149302
0.00271550 0.00269948 0.00284985 0.00148528
0.00271639 0.00255461 0.00282126 0.00148222
0.00268849 0.00242139 0.00281808 0.00147265
0.00265231 0.00234125 0.00282964 0.00146973
0.00262104 0.00227427 0.00284215 0.00147170
0.00258987 0.00223740 0.00287455 0.00146765
0.00253702 0.00220658 0.00289508 0.00147122
0.00248058 0.00215312 0.00287549 0.00148022
0.00242240 0.00210925 0.00283843 0.00147801
0.00238295 0.00206263 0.00279248 0.00148341
0.00234899 0.00202771 0.00276260 0.00149787
0.00232576 0.00199065 0.00275353 0.00152038
0.00231319 0.00193741 0.00274711 0.00153951
0.00231084 0.00188396 0.00274009 0.00154797
0.00230951 0.00184533 0.00274328 0.00155790
0.00228908 0.00183645 0.00272254 0.00157251
0.00226639 0.00179779 0.00270487 0.00159768
0.00222995 0.00176118 0.00268518 0.00162059
0.00222101 0.00175365 0.00267554 0.00162007
0.00223030 0.00178311 0.00266816 0.00163343
0.00222796 0.00183074 0.00264492 0.00164999
0.00225455 0.00189496 0.00265463 0.00168767
0.00230051 0.00195155 0.00265339 0.00171318
0.00234556 0.00202602 0.00264365 0.00171878
0.00237246 0.00214537 0.00265895 0.00171608
0.00243706 0.00230257 0.00278895 0.00181493
0.00247686 0.00237730 0.00281948 0.00178522
0.00250248 0.00243141 0.00284217 0.00177456
0.00249052 0.00247577 0.00285022 0.00175572
0.00251358 0.00252656 0.00287333 0.00174063
0.00256142 0.00259316 0.00288660 0.00172035
0.00260176 0.00266027 0.00291596 0.00171692
0.00264648 0.00270997 0.00294212 0.00171168
0.00269227 0.00275005 0.00296172 0.00167851
0.00274105 0.00277363 0.00299474 0.00163867
0.00277585 0.00280376 0.00304594 0.00161677
0.00278906 0.00283140 0.00307763 0.00158249
0.00280398 0.00284098 0.00310329 0.00154277
0.00282618 0.00284667 0.00310739 0.00153043
0.00286509 0.00284560 0.00311430 0.00150887
0.00288031 0.00282815 0.00313984 0.00150773
0.00289464 0.00274475 0.00314284 0.00151714
0.00286544 0.00263461 0.00315084 0.00152611
0.00282254 0.00257292 0.00318703 0.00153811
0.00276484 0.00253286 0.00323382 0.00153230
0.00272813 0.00249916 0.00325796 0.00152761
0.00270086 0.00246661 0.00327338 0.00151795
0.00268726 0.00242871 0.00326637 0.00153277
0.00265772 0.00237841 0.00323651 0.00155020
0.00265874 0.00234517 0.00318040 0.00156573
0.00264537 0.00231224 0.00312589 0.00156146
0.00261826 0.00227515 0.00307936 0.00155889
0.00259079 0.00225876 0.00305196 0.00156454
0.00256333 0.00224392 0.00303664 0.00157291
0.00253406 0.00223144 0.00300736 0.00156996
0.00250673 0.00218995 0.00298031 0.00154887
0.00247256 0.00217865 0.00297151 0.00154460
0.00242199 0.00217390 0.00296343 0.00154253
0.00238087 0.00216628 0.00294938 0.00154286
0.00232717 0.00217151 0.00293414 0.00155342
0.00228622 0.00216743 0.00294035 0.00155391
0.00225290 0.00214355 0.00293401 0.00155249
0.00225450 0.00218447 0.00305394 0.00164499
0.00223991 0.00217898 0.00304118 0.00163605
0.00222777 0.00218904 0.00303418 0.00162923
0.00223267 0.00222125 0.00303203 0.00163004
0.00225875 0.00229893 0.00304390 0.00162724
0.00229519 0.00233456 0.00305003 0.00161970
0.00233502 0.00236608 0.00303064 0.00162015
0.00238942 0.00240996 0.00301934 0.00163475
0.00244372 0.00247558 0.00297704 0.00163879
0.00251736 0.00254564 0.00295237 0.00162991
0.00259255 0.00260674 0.00293277 0.00162296
0.00263415 0.00265640 0.00293052 0.00162643
0.00264958 0.00270476 0.00291570 0.00164717
0.00266705 0.00273918 0.00289674 0.00164897
0.00266963 0.00274442 0.00287206 0.00163818
0.00266466 0.00273641 0.00287540 0.00163509
0.00265346 0.00275637 0.00289657 0.00162862
0.00264333 0.00276980 0.00291485 0.00161736
0.00264662 0.00277321 0.00293921 0.00162792
0.00266115 0.00276503 0.00296232 0.00166059
0.00268907 0.00276861 0.00299448 0.00167292
0.00269774 0.00275503 0.00302279 0.00168280
0.00267652 0.00272353 0.00303432 0.00169015
0.00262446 0.00269332 0.00304695 0.00171722
0.00259215 0.00266072 0.00309482 0.00174610
0.00257668 0.00260693 0.00313091 0.00175754
0.00255861 0.00252638 0.00313955 0.00176043
0.00252752 0.00243719 0.00315597 0.00176347
0.00248019 0.00238933 0.00316931 0.00176108
0.00243083 0.00236651 0.00319293 0.00175893
0.00237265 0.00237042 0.00318225 0.00175035
0.00232137 0.00237362 0.00314592 0.00174550
0.00225708 0.00236454 0.00308208 0.00176346
0.00219433 0.00235645 0.00299807 0.00177837
0.00218055 0.00236302 0.00290243 0.00177568
0.00215110 0.00236303 0.00280612 0.00175879
0.00211768 0.00235374 0.00271189 0.00175831
0.00208307 0.00231113 0.00263829 0.00174995
0.00204216 0.00227097 0.00258538 0.00173583
0.00200105 0.00225872 0.00255233 0.00171106
0.00196066 0.00224700 0.00253183 0.00168181
0.00186353 0.00233738 0.00257500 0.00175386
0.00184372 0.00233117 0.00253771 0.00172325
0.00182729 0.00231346 0.00251204 0.00170859
0.00181150 0.00227296 0.00249071 0.00169836
0.00178917 0.00224263 0.00247775 0.00168776
0.00175895 0.00220503 0.00250047 0.00166308
0.00173683 0.00216816 0.00252568 0.00163824
0.00172966 0.00215183 0.00254545 0.00160927
0.00173646 0.00216598 0.00256082 0.00159208
0.00175317 0.00217523 0.00256825 0.00157835
0.00177463 0.00219911 0.00255414 0.00157794
0.00181312 0.00224642 0.00253670 0.00158180
0.00185190 0.00228637 0.00252692 0.00159207
0.00191301 0.00229369 0.00252857 0.00160347
0.00198805 0.00229367 0.00253752 0.00161805
0.00208687 0.00230161 0.00255831 0.00162412
0.00218373 0.00232946 0.00259200 0.00161829
0.00229707 0.00235302 0.00262153 0.00161249
0.00239574 0.00239201 0.00264841 0.00161568
0.00247201 0.00244606 0.00269590 0.00161330
0.00254366 0.00250392 0.00272231 0.00160688
0.00260662 0.00253201 0.00273244 0.00158900
0.00266442 0.00253572 0.00272546 0.00158506
0.00272073 0.00251307 0.00272851 0.00158963
0.00274793 0.00249640 0.00273638 0.00159933
0.00277504 0.00248793 0.00274263 0.00159375
0.00281375 0.00249464 0.00274374 0.00159129
0.00285680 0.00250547 0.00274276 0.00158223
0.00288216 0.00251571 0.00273281 0.00155683
0.00289329 0.00255696 0.00273229 0.00153002
0.00287744 0.00256870 0.00273533 0.00149091
0.00285500 0.00255711 0.00275055 0.00146930
0.00281031 0.00253207 0.00277659 0.00144149
0.00277007 0.00252938 0.00282176 0.00141088
0.00272377 0.00249559 0.00287763 0.00137933
0.00267472 0.00246968 0.00290852 0.00135359
0.00263630 0.00243992 0.00294903 0.00133954
0.00259720 0.00239642 0.00298970 0.00131846
0.00257403 0.00233732 0.00303130 0.00131103
0.00255914 0.00223162 0.00306103 0.00130647
0.00254235 0.00211422 0.00306468 0.00131398
0.00251936 0.00203757 0.00306877 0.00134106
0.00247522 0.00198901 0.00307869 0.00137028
0.00244636 0.00196667 0.00307418 0.00138491
0.00241806 0.00197175 0.00306279 0.00140344
0.00236863 0.00199542 0.00303930 0.00142717
0.00230958 0.00200898 0.00300721 0.00146124
0.00223248 0.00201278 0.00297003 0.00148627
0.00213692 0.00217375 0.00307629 0.00160391
0.00211292 0.00220672 0.00303345 0.00160373
0.00208927 0.00225813 0.00300609 0.00159349
0.00206663 0.00228848 0.00298011 0.00159494
0.00203952 0.00230364 0.00295993 0.00157034
0.00202744 0.00230500 0.00295703 0.00152790
0.00201635 0.00227122 0.00294590 0.00147747
0.00201027 0.00223878 0.00294103 0.00144463
0.00198480 0.00221526 0.00293847 0.00142793
0.00195360 0.00219961 0.00294141 0.00141667
0.00192534 0.00217113 0.00293615 0.00140200
0.00188898 0.00212818 0.00293042 0.00138374
0.00185423 0.00209213 0.00293416 0.00137906
0.00183433 0.00203364 0.00293008 0.00137553
0.00180976 0.00198080 0.00290901 0.00135590
0.00179148 0.00194402 0.00290069 0.00134133
0.00179233 0.00193205 0.00289074 0.00133971
0.00180809 0.00192798 0.00288337 0.00132633
0.00182709 0.00193306 0.00288586 0.00130956
0.00184565 0.00195266 0.00290019 0.00130344
0.00186615 0.00199700 0.00291648 0.00129816
0.00188828 0.00203730 0.00294382 0.00128387
0.00192228 0.00206910 0.00297299 0.00126874
0.00194993 0.00209032 0.00300513 0.00125580
0.00197438 0.00209199 0.00304505 0.00124926
0.00199837 0.00210472 0.00309113 0.00123489
0.00204690 0.00211304 0.00312448 0.00123310
0.00210062 0.00213633 0.00314867 0.00122294
0.00213728 0.00217805 0.00317366 0.00121349
0.00218426 0.00224241 0.00318617 0.00121194
0.00222243 0.00228414 0.00317951 0.00121970
0.00224985 0.00229899 0.00316622 0.00123686
0.00228205 0.00231880 0.00313721 0.00125323
0.00230311 0.00235473 0.00312623 0.00126820
0.00230128 0.00240983 0.00311090 0.00128630
0.00230808 0.00245687 0.00309662 0.00129437
0.00232122 0.00249705 0.00306748 0.00130008
0.00232273 0.00252396 0.00304119 0.00132009
0.00232466 0.00253390 0.00300653 0.00133842
0.00233610 0.00255015 0.00299198 0.00135769
0.00232480 0.00255271 0.00299291 0.00137081
0.00231000 0.00253652 0.00298750 0.00137394
0.00227959 0.00251633 0.00299951 0.00138206
0.00223756 0.00250718 0.00303163 0.00139752
0.00220606 0.00251525 0.00308080 0.00140605
0.00220057 0.00251319 0.00311899 0.00141394
0.00221205 0.00250260 0.00315498 0.00143785
0.00222262 0.00250417 0.00319457 0.00145681
0.00223278 0.00251304 0.00323257 0.00146500
0.00224514 0.00251497 0.00326687 0.00146819
0.00224451 0.00251593 0.00330227 0.00146549
0.00224246 0.00251910 0.00331318 0.00147276
0.00222302 0.00251155 0.00332364 0.00147200
0.00220037 0.00246097 0.00333412 0.00148093
0.00216679 0.00242854 0.00334760 0.00148413
0.00206326 0.00257978 0.00355131 0.00163030
0.00206003 0.00252804 0.00355313 0.00165417
0.00204377 0.00250222 0.00355355 0.00168574
0.00202292 0.00248464 0.00358037 0.00171171
0.00202114 0.00246599 0.00358695 0.00173389
0.00201873 0.00247391 0.00358759 0.00174446
0.00201808 0.00248741 0.00359093 0.00176334
0.00202015 0.00251610 0.00358230 0.00179416
0.00201943 0.00253432 0.00354562 0.00184655
0.00204354 0.00256648 0.00349787 0.00189112
0.00208973 0.00260197 0.00345789 0.00192540
0.00213595 0.00261882 0.00340259 0.00194345
0.00217989 0.00263572 0.00335164 0.00194888
0.00220987 0.00264585 0.00331264 0.00195413
0.00222540 0.00264432 0.00328827 0.00195149
0.00224735 0.00262575 0.00326236 0.00195481
0.00225795 0.00260980 0.00323955 0.00194613
0.00226871 0.00259095 0.00322523 0.00193682
0.00228191 0.00255973 0.00321309 0.00192687
0.00228714 0.00253588 0.00319154 0.00192658
0.00228893 0.00251502 0.00315409 0.00192316
0.00230009 0.00250041 0.00312678 0.00191639
0.00230839 0.00249495 0.00308422 0.00190893
0.00232213 0.00249431 0.00304260 0.00190655
0.00233085 0.00247220 0.00301104 0.00190214
0.00232722 0.00243425 0.00298114 0.00189985
0.00232549 0.00240664 0.00295634 0.00188091
0.00232743 0.00238616 0.00293788 0.00185757
0.00233264 0.00238598 0.00292410 0.00183300
0.00233535 0.00238793 0.00290373 0.00180204
0.00233269 0.00240062 0.00287561 0.00176529
0.00232350 0.00243379 0.00284998 0.00172858
0.00232595 0.00246135 0.00282867 0.00170830
0.00233039 0.00247027 0.00280605 0.00169541
0.00234313 0.00247732 0.00279917 0.00168371
0.00235567 0.00249709 0.00279243 0.00167184
0.00237276 0.00249883 0.00279776 0.00165786
0.00238882 0.00250945 0.00281733 0.00163781
0.00242336 0.00251507 0.00284563 0.00162379
0.00246792 0.00252900 0.00287833 0.00160742
0.00249918 0.00254933 0.00290682 0.00159439
0.00252613 0.00256872 0.00293054 0.00159365
0.00255718 0.00258464 0.00294829 0.00160000
0.00257279 0.00257411 0.00295598 0.00160382
0.00257598 0.00254799 0.00295964 0.00160940
0.00257905 0.00251312 0.00296301 0.00161441
0.00258811 0.00248748 0.00298154 0.00161632
0.00257297 0.00247422 0.00299329 0.00161839
0.00255995 0.00247489 0.00299981 0.00161954
0.00255168 0.00248108 0.00301682 0.00162377
0.00254526 0.00247095 0.00302014 0.00162807
0.00254638 0.00245538 0.00301018 0.00162532
0.00256118 0.00246418 0.00300495 0.00162117
0.00256602 0.00248089 0.00299841 0.00161449
0.00257969 0.00248490 0.00297568 0.00161597
0.00258734 0.00248338 0.00296509 0.00161764
0.00257567 0.00247732 0.00296074 0.00161529
0.00254937 0.00247465 0.00297364 0.00161633
0.00251929 0.00244362 0.00298009 0.00162509
0.00249053 0.00241546 0.00299126 0.00163559
0.00246884 0.00238354 0.00301298 0.00164344
0.00244205 0.00236065 0.00303251 0.00164849
0.00242118 0.00233436 0.00304784 0.00165071
0.00238939 0.00229674 0.00307282 0.00165262
0.00228049 0.00245779 0.00329794 0.00181082
0.00226822 0.00244975 0.00330979 0.00181155
0.00227215 0.00243811 0.00331213 0.00181323
0.00227656 0.00241602 0.00333058 0.00182824
0.00227726 0.00239533 0.00335083 0.00184712
0.00227664 0.00239025 0.00337316 0.00185274
0.00227068 0.00239437 0.00338586 0.00185017
0.00226405 0.00238961 0.00339426 0.00184030
0.00224658 0.00239500 0.00338701 0.00183607
0.00222709 0.00239526 0.00337214 0.00184280
0.00220683 0.00238402 0.00335412 0.00184475
0.00219676 0.00237241 0.00333361 0.00184924
0.00218361 0.00237143 0.00330977 0.00185556
0.00218069 0.00235803 0.00328844 0.00186771
0.00217010 0.00233387 0.00326239 0.00188126
0.00214274 0.00231550 0.00322770 0.00188810
0.00210765 0.00232941 0.00321216 0.00189239
0.00207833 0.00234748 0.00320868 0.00189115
0.00205583 0.00234859 0.00317838 0.00188783
0.00202459 0.00235305 0.00313885 0.00188286
0.00199385 0.00235798 0.00310259 0.00188777
0.00196175 0.00237149 0.00306419 0.00189288
0.00192640 0.00237044 0.00302204 0.00189986
0.00190582 0.00238220 0.00298140 0.00188867
0.00189901 0.00239817 0.00292063 0.00187956
0.00189511 0.00240751 0.00286671 0.00186023
0.00189687 0.00240616 0.00280703 0.00184427
0.00190406 0.00239472 0.00274994 0.00183424
0.00190964 0.00238003 0.00270579 0.00181974
0.00191488 0.00236402 0.00267997 0.00180870
0.00192299 0.00236041 0.00265206 0.00180052
0.00193384 0.00234533 0.00262182 0.00179323
0.00195167 0.00231478 0.00259356 0.00178663
0.00197234 0.00227214 0.00256721 0.00178128
0.00199790 0.00224809 0.00254111 0.00177424
0.00201983 0.00220801 0.00250930 0.00176795
0.00203840 0.00217802 0.00248436 0.00177298
0.00205317 0.00214580 0.00246023 0.00177522
0.00206258 0.00213556 0.00243008 0.00178746
0.00207247 0.00212222 0.00241001 0.00179365
0.00208147 0.00211531 0.00239739 0.00179518
0.00209156 0.00212318 0.00238142 0.00179641
0.00210673 0.00213358 0.00236746 0.00180195
0.00212482 0.00215171 0.00234605 0.00180659
0.00214267 0.00218751 0.00232335 0.00180679
0.00215941 0.00223427 0.00230551 0.00179200
0.00217285 0.00228059 0.00229887 0.00176933
0.00218642 0.00233168 0.00230046 0.00175121
0.00219899 0.00237638 0.00230777 0.00174007
0.00220959 0.00241066 0.00231467 0.00173023
0.00221681 0.00243743 0.00234105 0.00172696
0.00222000 0.00245349 0.00237286 0.00172437
0.00223474 0.00246727 0.00241723 0.00171939
0.00225482 0.00247862 0.00246735 0.00171402
0.00227757 0.00249475 0.00252165 0.00170429
0.00230776 0.00251698 0.00257015 0.00169318
0.00234581 0.00254720 0.00260799 0.00168189
0.00237642 0.00258566 0.00265710 0.00168303
0.00240777 0.00263535 0.00271367 0.00169094
0.00243195 0.00267839 0.00276844 0.00170303
0.00245055 0.00270808 0.00282027 0.00171116
0.00246329 0.00272727 0.00286454 0.00171225
0.00247518 0.00274169 0.00290996 0.00170668
0.00249556 0.00274673 0.00295914 0.00169590
0.00251750 0.00275814 0.00300830 0.00168481
0.00253918 0.00277107 0.00305351 0.00167361
0.00256905 0.00278640 0.00309097 0.00166522
0.00259949 0.00280280 0.00312019 0.00165849
0.00262847 0.00281556 0.00315116 0.00166412
0.00266250 0.00281816 0.00317861 0.00166854
0.00271391 0.00282083 0.00320564 0.00167068
0.00273780 0.00284009 0.00322826 0.00167232
0.00274779 0.00283950 0.00325243 0.00167697
0.00276596 0.00283069 0.00327123 0.00168843
0.00276864 0.00281282 0.00329439 0.00169881
0.00275990 0.00281466 0.00332429 0.00170824
0.00276062 0.00306504 0.00367512 0.00190142
0.00279064 0.00305197 0.00369981 0.00190948
0.00281904 0.00303496 0.00371886 0.00191470
0.00285637 0.00302541 0.00372144 0.00192320
0.00289476 0.00301125 0.00372942 0.00192716
0.00292809 0.00299892 0.00372786 0.00192255
0.00296273 0.00298771 0.00372648 0.00191782
0.00297763 0.00297236 0.00372148 0.00191195
0.00297319 0.00295369 0.00370255 0.00190626
0.00297467 0.00293482 0.00369779 0.00190493
0.00296584 0.00291012 0.00368765 0.00189952
0.00295634 0.00287593 0.00367271 0.00189325
0.00294711 0.00283886 0.00366487 0.00188876
0.00294655 0.00281272 0.00365761 0.00189147
0.00293646 0.00279519 0.00365170 0.00189696
0.00293128 0.00278738 0.00365561 0.00189762
0.00290835 0.00278053 0.00365366 0.00189815
0.00288653 0.00278417 0.00365037 0.00189932
0.00285841 0.00277724 0.00364520 0.00188807
0.00282350 0.00277611 0.00363862 0.00187668
0.00278971 0.00278965 0.00364478 0.00187311
0.00275353 0.00281343 0.00364967 0.00187183
0.00272354 0.00284262 0.00365133 0.00186442
0.00268790 0.00287725 0.00363131 0.00185607
0.00265426 0.00289134 0.00361558 0.00184639
0.00262231 0.00290066 0.00360168 0.00183315
0.00259642 0.00290189 0.00359022 0.00182942
0.00256812 0.00288804 0.00357191 0.00183627
0.00255043 0.00286122 0.00356670 0.00184053
0.00253218 0.00283193 0.00356887 0.00185386
0.00251220 0.00279898 0.00356489 0.00186263
0.00249292 0.00273945 0.00355820 0.00188314
0.00247504 0.00266943 0.00355588 0.00190353
0.00245516 0.00260802 0.00356293 0.00192498
0.00244279 0.00256896 0.00358095 0.00194312
0.00242894 0.00254347 0.00360841 0.00194537
0.00242304 0.00250688 0.00361744 0.00195352
0.00242021 0.00248740 0.00359851 0.00196856
0.00241530 0.00247380 0.00357187 0.00197374
0.00241018 0.00246811 0.00354955 0.00199764
0.00240219 0.00247243 0.00351233 0.00202032
0.00239246 0.00246554 0.00346164 0.00203831
0.00238351 0.00246119 0.00340986 0.00204420
0.00237791 0.00245063 0.00336136 0.00204598
0.00237282 0.00242057 0.00331225 0.00204002
0.00237025 0.00240231 0.00326526 0.00202133
0.00236696 0.00238102 0.00323770 0.00201385
0.00235814 0.00236333 0.00321600 0.00200682
0.00235071 0.00234017 0.00320288 0.00199444
0.00233956 0.00230977 0.00318964 0.00197890
0.00232573 0.00227375 0.00316661 0.00196588
0.00231451 0.00224069 0.00314864 0.00194623
0.00231063 0.00220898 0.00313831 0.00192585
0.00230848 0.00217466 0.00311749 0.00190903
0.00230811 0.00215958 0.00309752 0.00189918
0.00230866 0.00215052 0.00307345 0.00188634
0.00231154 0.00211822 0.00305005 0.00187639
0.00231285 0.00208585 0.00303049 0.00186882
0.00231487 0.00204288 0.00302307 0.00185897
0.00231582 0.00200278 0.00301969 0.00185549
0.00232289 0.00197106 0.00301671 0.00184990
0.00232827 0.00194788 0.00301381 0.00184223
0.00232784 0.00193402 0.00300426 0.00183987
0.00232576 0.00191412 0.00298703 0.00184448
0.00233119 0.00190148 0.00297223 0.00184798
0.00234304 0.00190242 0.00296077 0.00184662
0.00235632 0.00190570 0.00294239 0.00183738
0.00236765 0.00190896 0.00292130 0.00182911
0.00237897 0.00192082 0.00290231 0.00182288
0.00239203 0.00195298 0.00288158 0.00181429
0.00240088 0.00198746 0.00286237 0.00181066
0.00240839 0.00200732 0.00285059 0.00180835
0.00240952 0.00201577 0.00284302 0.00180646
0.00240485 0.00202576 0.00283934 0.00180228
0.00240400 0.00202879 0.00284482 0.00179127
0.00240089 0.00203700 0.00285326 0.00178350
0.00239673 0.00205652 0.00285956 0.00176693
0.00239943 0.00207075 0.00286528 0.00175428
0.00241479 0.00208442 0.00287046 0.00174669
0.00243884 0.00210145 0.00287710 0.00173489
0.00246001 0.00213203 0.00289044 0.00172072
0.00248131 0.00216964 0.00290087 0.00171068
0.00249834 0.00220045 0.00290233 0.00170358
0.00251536 0.00221414 0.00289849 0.00169897
0.00253413 0.00222508 0.00289645 0.00169439
0.00255103 0.00222390 0.00289854 0.00168924
0.00256708 0.00222229 0.00290520 0.00168487
0.00258383 0.00221962 0.00292724 0.00168328
0.00259414 0.00221561 0.00294380 0.00168103
0.00259286 0.00221056 0.00294777 0.00167611
0.00258395 0.00220993 0.00294279 0.00167125
0.00013887 0.00015336 0.00014871 0.00011727
