0.00005850 0.00005982 0.00005986 0.00005938
0.00006058 0.00006186 0.00006174 0.00006133
0.00006181 0.00006258 0.00006248 0.00006247
0.00006167 0.00006195 0.00006177 0.00006283
0.00006216 0.00006279 0.00006335 0.00006300
0.00006281 0.00006308 0.00006324 0.00006326
0.00006360 0.00006378 0.00006354 0.00006389
0.00006387 0.00006518 0.00006414 0.00006110
0.00006294 0.00006289 0.00006324 0.00006260
0.00006462 0.00006376 0.00006400 0.00006329
0.00006415 0.00006322 0.00006499 0.00006285
0.00006435 0.00006305 0.00006391 0.00006305
0.00006325 0.00006292 0.00006526 0.00006302
0.00006527 0.00006446 0.00006586 0.00006372
0.00006490 0.00006442 0.00006685 0.00006371
0.00006288 0.00006233 0.00006497 0.00006192
0.00006591 0.00006377 0.00006639 0.00006121
0.00006654 0.00006414 0.00006549 0.00006453
0.00006479 0.00006219 0.00006508 0.00006236
0.00006529 0.00006326 0.00006587 0.00005945
0.00006690 0.00006496 0.00006421 0.00006463
0.00006661 0.00006360 0.00006453 0.00006159
0.00006490 0.00006059 0.00006544 0.00006066
0.00006432 0.00006577 0.00006581 0.00006253
0.00006541 0.00006248 0.00006414 0.00005973
0.00006324 0.00006320 0.00006509 0.00006292
0.00006525 0.00006448 0.00006592 0.00006523
0.00006600 0.00006342 0.00006708 0.00005979
0.00006630 0.00006390 0.00006731 0.00006377
0.00006785 0.00006670 0.00006595 0.00006135
0.00006440 0.00006171 0.00006483 0.00006084
0.00006459 0.00006670 0.00006628 0.00005919
0.00006429 0.00006219 0.00006669 0.00005927
0.00006660 0.00006422 0.00006729 0.00006243
0.00006654 0.00006346 0.00006664 0.00006042
0.00006807 0.00006354 0.00006925 0.00006099
0.00006441 0.00006490 0.00006437 0.00006613
0.00006502 0.00006769 0.00006596 0.00006246
0.00006482 0.00006314 0.00006700 0.00006171
0.00006583 0.00006380 0.00006876 0.00006135
0.00006656 0.00006597 0.00006690 0.00006038
0.00006704 0.00006454 0.00006626 0.00006148
0.00006475 0.00006589 0.00006769 0.00006175
0.00006315 0.00006374 0.00006721 0.00005875
0.00006800 0.00006632 0.00006605 0.00006033
0.00006508 0.00006408 0.00006301 0.00006250
0.00006486 0.00006514 0.00006748 0.00006052
0.00006709 0.00006572 0.00006912 0.00006106
0.00006652 0.00006546 0.00006549 0.00006018
0.00006428 0.00006675 0.00006636 0.00006096
0.00006697 0.00006469 0.00006954 0.00005815
0.00006700 0.00006579 0.00006817 0.00006050
0.00006860 0.00006444 0.00006573 0.00005778
0.00006606 0.00006380 0.00006654 0.00006203
0.00006465 0.00006201 0.00006435 0.00006171
0.00006682 0.00006491 0.00006761 0.00006155
0.00006523 0.00006516 0.00006182 0.00006218
0.00006613 0.00006507 0.00006534 0.00006209
0.00006703 0.00006664 0.00006557 0.00006260
0.00006687 0.00006446 0.00006898 0.00006036
0.00007163 0.00006316 0.00006275 0.00005948
0.00006630 0.00006354 0.00006737 0.00005982
0.00006959 0.00006216 0.00006746 0.00006138
0.00006685 0.00006490 0.00006773 0.00005791
0.00006416 0.00006106 0.00006967 0.00006212
0.00006752 0.00006767 0.00006500 0.00006227
0.00006515 0.00006844 0.00006668 0.00006564
0.00006860 0.00006874 0.00006807 0.00006417
0.00006764 0.00006834 0.00006949 0.00006224
0.00006841 0.00006432 0.00006932 0.00005842
0.00006887 0.00006711 0.00006530 0.00005892
0.00006606 0.00006782 0.00006838 0.00006332
0.00006856 0.00006433 0.00006969 0.00006445
0.00006567 0.00006931 0.00006598 0.00006260
0.00006807 0.00006945 0.00006659 0.00006696
0.00006946 0.00007161 0.00006912 0.00005821
0.00006761 0.00006936 0.00006844 0.00005602
0.00006813 0.00006596 0.00006555 0.00006736
0.00006904 0.00006775 0.00006947 0.00005474
0.00006600 0.00006875 0.00006870 0.00006008
0.00006412 0.00006384 0.00006829 0.00006192
0.00006460 0.00006755 0.00006822 0.00006186
0.00006868 0.00006890 0.00007048 0.00005904
0.00006859 0.00006427 0.00006429 0.00006204
0.00006658 0.00007068 0.00006529 0.00005676
0.00006329 0.00006798 0.00006682 0.00006258
0.00006982 0.00006808 0.00006770 0.00005881
0.00007176 0.00006991 0.00007303 0.00006111
0.00006352 0.00006706 0.00006725 0.00005479
0.00006471 0.00006533 0.00006689 0.00005994
0.00006959 0.00006815 0.00006856 0.00005817
0.00006804 0.00006885 0.00006674 0.00006196
0.00007294 0.00006891 0.00006646 0.00006201
0.00006250 0.00006672 0.00006347 0.00005582
0.00006377 0.00006731 0.00007128 0.00006194
0.00006587 0.00006582 0.00006948 0.00005687
0.00007209 0.00006637 0.00006561 0.00005773
0.00007040 0.00006542 0.00006603 0.00006168
0.00006490 0.00006539 0.00006708 0.00006159
0.00006847 0.00006600 0.00006700 0.00005757
0.00006690 0.00006875 0.00006791 0.00005945
0.00006901 0.00007065 0.00006951 0.00005992
0.00007108 0.00006717 0.00006949 0.00006242
0.00006563 0.00006672 0.00007064 0.00006190
0.00006591 0.00006969 0.00007036 0.00005846
0.00007425 0.00007079 0.00006764 0.00006029
0.00006925 0.00006296 0.00007045 0.00006340
0.00006318 0.00006703 0.00006841 0.00005756
0.00006218 0.00006527 0.00006540 0.00006357
0.00007121 0.00006681 0.00006720 0.00006085
0.00006273 0.00007058 0.00007402 0.00005849
0.00006736 0.00006843 0.00006872 0.00006448
0.00007243 0.00006773 0.00007023 0.00006213
0.00007186 0.00006924 0.00006556 0.00005864
0.00006658 0.00007020 0.00007651 0.00005303
0.00007500 0.00006312 0.00006904 0.00006144
0.00007272 0.00006832 0.00006992 0.00005835
0.00006489 0.00006890 0.00006837 0.00005778
0.00006795 0.00006617 0.00006818 0.00006558
0.00007132 0.00006996 0.00006717 0.00005512
0.00006485 0.00006733 0.00007218 0.00005660
0.00006608 0.00006500 0.00006976 0.00006226
0.00006590 0.00006687 0.00007822 0.00005681
0.00007073 0.00007046 0.00006864 0.00005382
0.00006620 0.00007037 0.00007180 0.00006187
0.00006874 0.00006462 0.00006995 0.00005955
0.00006876 0.00007136 0.00007019 0.00006613
0.00006902 0.00007415 0.00007037 0.00005721
0.00007085 0.00006944 0.00006720 0.00005871
0.00007266 0.00007345 0.00007057 0.00005613
0.00007178 0.00007329 0.00006717 0.00005979
0.00006132 0.00006365 0.00006704 0.00006304
0.00007267 0.00006834 0.00006956 0.00005638
0.00006464 0.00006496 0.00007015 0.00005925
0.00006908 0.00007043 0.00007385 0.00006227
0.00006768 0.00006669 0.00006957 0.00005876
0.00006886 0.00006908 0.00006525 0.00006461
0.00006702 0.00006666 0.00007373 0.00006162
0.00006882 0.00007348 0.00007069 0.00005340
0.00006750 0.00007357 0.00007773 0.00006124
0.00007109 0.00006741 0.00006576 0.00006050
0.00006655 0.00006788 0.00007364 0.00006093
0.00006748 0.00007470 0.00007151 0.00006292
0.00007452 0.00006972 0.00007065 0.00005804
0.00007037 0.00007015 0.00007475 0.00005826
0.00006821 0.00006870 0.00007565 0.00005856
0.00006984 0.00007370 0.00007233 0.00005763
0.00006581 0.00007349 0.00006791 0.00006029
0.00007336 0.00006958 0.00006908 0.00006174
0.00007124 0.00006750 0.00006588 0.00005681
0.00007025 0.00007082 0.00007090 0.00005318
0.00006606 0.00007114 0.00006658 0.00005869
0.00006395 0.00006908 0.00007028 0.00006051
0.00006836 0.00007194 0.00007361 0.00005972
0.00007167 0.00006780 0.00007177 0.00006087
0.00006674 0.00006426 0.00007080 0.00006457
0.00006852 0.00006780 0.00006936 0.00005072
0.00007390 0.00007182 0.00007474 0.00005412
0.00007163 0.00007552 0.00007082 0.00005932
0.00006743 0.00007157 0.00007099 0.00005494
0.00006987 0.00006947 0.00006814 0.00006185
0.00007286 0.00007480 0.00006641 0.00005572
0.00007012 0.00007284 0.00006983 0.00006168
0.00006447 0.00007590 0.00007265 0.00006689
0.00006940 0.00007262 0.00007324 0.00005778
0.00007411 0.00006865 0.00007100 0.00004980
0.00006748 0.00007268 0.00007608 0.00006491
0.00006338 0.00007010 0.00007380 0.00005723
0.00007293 0.00006353 0.00006519 0.00005667
0.00007499 0.00006893 0.00006703 0.00006389
0.00007234 0.00007010 0.00007150 0.00006284
0.00007444 0.00006705 0.00007175 0.00006060
0.00006959 0.00006728 0.00007684 0.00005248
0.00006804 0.00007498 0.00007082 0.00005722
0.00006758 0.00007416 0.00006885 0.00006296
0.00007044 0.00007239 0.00007055 0.00005944
0.00006555 0.00007179 0.00007155 0.00005928
0.00006357 0.00006896 0.00006886 0.00005546
0.00007719 0.00007338 0.00006759 0.00005551
0.00006854 0.00007450 0.00006815 0.00006204
0.00006507 0.00007060 0.00006464 0.00005697
0.00007053 0.00007133 0.00007300 0.00005385
0.00007024 0.00007341 0.00007378 0.00004989
0.00007388 0.00007106 0.00007228 0.00005803
0.00006687 0.00006739 0.00006891 0.00006076
0.00006677 0.00007243 0.00006735 0.00006226
0.00007074 0.00007106 0.00006722 0.00005998
0.00007236 0.00007008 0.00007053 0.00005443
0.00007369 0.00006829 0.00006742 0.00005822
0.00006970 0.00007050 0.00007158 0.00005542
0.00006517 0.00007560 0.00007149 0.00005686
0.00006509 0.00007328 0.00007120 0.00005961
0.00005972 0.00007435 0.00007036 0.00004980
0.00006597 0.00007310 0.00006852 0.00005017
0.00007832 0.00006920 0.00006792 0.00006149
0.00007812 0.00006635 0.00007605 0.00006307
0.00007603 0.00007176 0.00007044 0.00005740
0.00006522 0.00007175 0.00006890 0.00005669
0.00006744 0.00007666 0.00006626 0.00005427
0.00005064 0.00005161 0.00005157 0.00005118
