0.00038776 0.00038865 0.00038164 0.00038481
0.00045201 0.00045503 0.00044396 0.00045005
0.00049130 0.00049383 0.00048215 0.00048528
0.00051460 0.00052169 0.00050854 0.00051579
0.00052456 0.00054088 0.00052657 0.00052619
0.00054770 0.00054018 0.00053766 0.00054440
0.00055296 0.00054820 0.00054369 0.00054866
0.00055903 0.00055836 0.00055512 0.00055141
0.00055842 0.00055790 0.00055994 0.00055981
0.00057107 0.00057604 0.00056410 0.00055491
0.00057428 0.00057882 0.00057313 0.00057141
0.00058713 0.00060136 0.00056865 0.00056301
0.00058478 0.00058271 0.00059942 0.00058783
0.00058163 0.00059214 0.00058460 0.00057015
0.00056763 0.00058230 0.00057815 0.00057052
0.00057063 0.00060107 0.00060024 0.00057701
0.00058464 0.00058783 0.00060140 0.00057156
0.00058538 0.00059390 0.00061206 0.00058892
0.00059868 0.00059966 0.00057819 0.00058390
0.00058930 0.00058201 0.00061321 0.00058533
0.00059766 0.00062729 0.00059297 0.00058777
0.00058224 0.00059725 0.00059445 0.00056972
0.00058680 0.00060245 0.00061716 0.00056401
0.00059481 0.00060740 0.00059106 0.00058314
0.00057695 0.00059649 0.00059717 0.00058308
0.00058596 0.00060148 0.00062882 0.00057580
0.00059205 0.00060794 0.00059728 0.00059661
0.00060325 0.00060783 0.00058838 0.00058109
0.00062387 0.00058191 0.00061733 0.00058911
0.00058220 0.00060658 0.00065084 0.00057001
0.00058630 0.00060963 0.00061836 0.00059677
0.00058384 0.00059917 0.00060542 0.00056542
0.00058746 0.00060160 0.00059224 0.00058423
0.00057057 0.00061489 0.00062430 0.00055898
0.00058347 0.00059231 0.00064067 0.00057052
0.00060221 0.00059706 0.00062060 0.00058086
0.00058765 0.00058081 0.00062604 0.00057940
0.00059976 0.00059421 0.00061843 0.00060686
0.00057928 0.00057885 0.00061997 0.00055630
0.00058846 0.00057386 0.00064112 0.00060212
0.00057029 0.00059172 0.00059596 0.00056769
0.00060371 0.00063453 0.00063295 0.00055807
0.00061333 0.00059957 0.00062209 0.00057464
0.00059969 0.00060575 0.00060609 0.00057081
0.00058239 0.00060201 0.00064075 0.00060951
0.00060413 0.00057455 0.00063880 0.00057494
0.00059342 0.00062600 0.00059825 0.00057461
0.00060525 0.00060597 0.00063859 0.00053920
0.00061781 0.00059988 0.00062463 0.00059244
0.00060581 0.00059393 0.00059859 0.00058689
0.00058618 0.00060124 0.00061665 0.00055581
0.00059382 0.00060568 0.00061024 0.00057700
0.00061470 0.00060870 0.00064183 0.00056318
0.00059936 0.00060007 0.00064995 0.00058534
0.00059370 0.00061255 0.00058272 0.00056765
0.00063117 0.00060513 0.00059312 0.00057466
0.00060854 0.00057177 0.00064412 0.00055801
0.00058270 0.00058647 0.00060330 0.00057978
0.00059393 0.00056333 0.00062451 0.00058936
0.00060904 0.00057917 0.00059607 0.00057428
0.00060705 0.00058554 0.00063770 0.00056139
0.00056518 0.00058250 0.00058784 0.00058362
0.00061900 0.00061801 0.00064579 0.00056265
0.00063074 0.00060862 0.00061818 0.00057218
0.00063431 0.00059731 0.00062665 0.00058626
0.00057908 0.00061215 0.00065564 0.00053798
0.00060841 0.00058687 0.00059238 0.00055259
0.00057608 0.00060650 0.00064921 0.00056358
0.00060378 0.00059599 0.00068513 0.00059637
0.00061760 0.00057289 0.00067875 0.00056320
0.00059507 0.00061741 0.00061390 0.00056513
0.00060852 0.00058331 0.00057408 0.00055710
0.00055942 0.00061090 0.00059373 0.00058907
0.00060831 0.00061600 0.00062581 0.00056513
0.00061027 0.00055085 0.00060528 0.00050531
0.00058759 0.00056534 0.00059297 0.00055385
0.00059746 0.00059002 0.00061077 0.00055184
0.00063078 0.00058323 0.00064184 0.00052688
0.00060884 0.00054182 0.00059444 0.00054513
0.00060889 0.00055901 0.00066235 0.00056216
0.00062009 0.00060838 0.00065781 0.00061024
0.00059712 0.00063290 0.00066265 0.00058695
0.00062516 0.00058641 0.00062645 0.00057818
0.00062101 0.00055950 0.00061532 0.00059475
0.00061729 0.00059271 0.00063282 0.00054069
0.00059560 0.00058932 0.00066628 0.00051865
0.00062292 0.00059847 0.00061408 0.00056158
0.00060445 0.00062768 0.00066231 0.00053545
0.00060791 0.00060390 0.00063955 0.00051983
0.00060179 0.00064565 0.00060955 0.00052936
0.00060096 0.00060926 0.00063765 0.00057633
0.00058855 0.00060019 0.00062432 0.00055054
0.00062370 0.00058704 0.00066357 0.00054208
0.00057727 0.00063371 0.00064606 0.00056916
0.00061258 0.00059184 0.00059798 0.00050671
0.00059685 0.00056798 0.00062001 0.00052750
0.00060625 0.00061596 0.00061162 0.00055701
0.00063111 0.00058606 0.00063555 0.00055692
0.00059582 0.00056287 0.00059638 0.00052624
0.00058889 0.00058410 0.00058129 0.00056916
0.00055544 0.00054209 0.00063844 0.00054557
0.00062836 0.00059364 0.00056917 0.00061917
0.00060657 0.00062384 0.00057742 0.00058091
0.00061644 0.00062637 0.00058030 0.00055660
0.00063643 0.00061614 0.00063166 0.00052470
0.00060350 0.00057615 0.00066210 0.00051703
0.00058291 0.00057893 0.00061832 0.00056383
0.00059026 0.00060640 0.00055765 0.00053039
0.00061043 0.00062874 0.00062797 0.00053377
0.00062057 0.00058537 0.00059876 0.00054023
0.00057116 0.00059622 0.00060330 0.00054362
0.00060210 0.00060861 0.00060345 0.00055595
0.00062475 0.00060734 0.00059413 0.00054774
0.00061618 0.00060721 0.00060660 0.00056756
0.00062939 0.00057624 0.00060328 0.00059455
0.00061893 0.00060664 0.00059895 0.00049795
0.00061581 0.00063432 0.00058370 0.00054511
0.00058499 0.00061304 0.00065931 0.00050986
0.00062494 0.00058654 0.00064880 0.00050016
0.00058200 0.00062712 0.00063789 0.00052739
0.00059255 0.00063537 0.00060365 0.00054841
0.00063772 0.00062521 0.00065633 0.00052674
0.00064083 0.00063906 0.00064365 0.00056785
0.00057965 0.00060247 0.00063712 0.00054720
0.00054919 0.00057476 0.00060275 0.00056145
0.00058148 0.00060533 0.00062745 0.00054582
0.00063141 0.00062579 0.00066848 0.00051613
0.00062026 0.00061582 0.00063415 0.00056589
0.00060515 0.00060216 0.00068988 0.00058586
0.00060660 0.00064233 0.00063454 0.00057884
0.00059195 0.00061220 0.00064722 0.00056017
0.00056503 0.00064105 0.00062965 0.00056423
0.00061605 0.00058474 0.00069900 0.00055780
0.00059418 0.00063997 0.00063412 0.00056801
0.00059540 0.00063354 0.00064724 0.00051823
0.00055404 0.00063434 0.00061863 0.00054982
0.00058932 0.00067526 0.00066490 0.00058998
0.00064497 0.00065938 0.00059006 0.00055309
0.00058142 0.00061441 0.00062642 0.00054470
0.00058948 0.00060155 0.00064797 0.00058012
0.00058856 0.00062381 0.00061560 0.00054632
0.00059295 0.00068869 0.00066207 0.00050492
0.00063061 0.00065884 0.00057688 0.00057985
0.00056859 0.00059307 0.00060871 0.00051858
0.00060688 0.00058576 0.00063996 0.00055902
0.00060284 0.00060893 0.00066240 0.00052084
0.00061411 0.00061187 0.00063217 0.00054305
0.00057649 0.00056815 0.00059501 0.00055255
0.00064631 0.00064107 0.00063116 0.00050409
0.00057251 0.00064328 0.00060327 0.00060309
0.00061960 0.00065407 0.00066121 0.00054612
0.00061768 0.00058790 0.00065806 0.00054725
0.00060931 0.00058611 0.00059040 0.00055735
0.00058554 0.00062773 0.00060145 0.00058609
0.00056614 0.00065983 0.00064444 0.00057235
0.00060116 0.00066308 0.00060592 0.00053229
0.00061487 0.00064631 0.00064168 0.00054014
0.00059153 0.00055743 0.00064093 0.00049315
0.00057702 0.00059032 0.00066366 0.00057235
0.00060514 0.00059637 0.00063075 0.00057441
0.00065357 0.00063857 0.00057962 0.00053634
0.00061615 0.00065413 0.00065503 0.00051570
0.00061285 0.00066296 0.00058730 0.00050844
0.00059939 0.00063271 0.00061120 0.00053191
0.00059986 0.00062967 0.00063404 0.00056051
0.00060367 0.00059859 0.00059590 0.00052958
0.00062839 0.00067418 0.00063775 0.00051425
0.00065484 0.00062285 0.00061993 0.00049953
0.00062869 0.00062922 0.00057789 0.00057753
0.00058126 0.00061420 0.00057451 0.00052047
0.00063701 0.00062560 0.00063384 0.00054249
0.00064960 0.00064719 0.00061894 0.00058306
0.00060871 0.00063897 0.00059638 0.00055885
0.00056202 0.00064269 0.00062862 0.00053124
0.00063149 0.00059853 0.00065586 0.00049185
0.00059515 0.00068070 0.00060692 0.00055256
0.00061191 0.00065838 0.00065325 0.00057201
0.00062645 0.00062061 0.00065601 0.00053999
0.00065518 0.00062280 0.00062387 0.00051077
0.00063292 0.00063562 0.00057864 0.00057383
0.00060763 0.00061249 0.00058107 0.00054893
0.00065756 0.00061755 0.00061661 0.00056148
0.00061785 0.00065374 0.00061195 0.00056718
0.00059600 0.00064158 0.00063218 0.00052561
0.00060752 0.00065876 0.00061731 0.00056721
0.00057164 0.00062621 0.00063321 0.00055783
0.00059365 0.00061398 0.00059846 0.00053992
0.00062637 0.00061377 0.00061712 0.00053624
0.00066125 0.00057713 0.00066066 0.00049846
0.00062672 0.00059091 0.00064963 0.00055166
0.00061519 0.00062891 0.00061372 0.00051557
0.00058332 0.00063341 0.00057918 0.00060394
0.00061391 0.00065954 0.00062327 0.00053160
0.00062194 0.00063246 0.00064340 0.00058886
0.00067415 0.00061722 0.00058797 0.00055019
0.00065470 0.00062427 0.00060488 0.00054807
0.00060930 0.00061664 0.00058114 0.00056505
0.00058500 0.00058547 0.00062808 0.00055645
0.00057007 0.00062758 0.00071880 0.00050117
0.00025258 0.00025284 0.00024918 0.00025010
