0.00021753 0.00028342 0.00023642 0.00027954
0.00028046 0.00036562 0.00030489 0.00036061
0.00033136 0.00043224 0.00036031 0.00042628
0.00037525 0.00048980 0.00040819 0.00048307
0.00041435 0.00054111 0.00045085 0.00053370
0.00044979 0.00058772 0.00048945 0.00057959
0.00048277 0.00063138 0.00052560 0.00062250
0.00051331 0.00067127 0.00055871 0.00066179
0.00054210 0.00070932 0.00059036 0.00069948
0.00056916 0.00074506 0.00061986 0.00073460
0.00059533 0.00077969 0.00064805 0.00076860
0.00061981 0.00081283 0.00067563 0.00080142
0.00064358 0.00084389 0.00070131 0.00083207
0.00066662 0.00087399 0.00072584 0.00086167
0.00068847 0.00090412 0.00075126 0.00089150
0.00070934 0.00093243 0.00077364 0.00091892
0.00072964 0.00095842 0.00079598 0.00094520
0.00075003 0.00098560 0.00081773 0.00097157
0.00076904 0.00101166 0.00083982 0.00099722
0.00078741 0.00103673 0.00085962 0.00102224
0.00080601 0.00106143 0.00087951 0.00104681
0.00082324 0.00108442 0.00089885 0.00106892
0.00084173 0.00110799 0.00091764 0.00109192
0.00085767 0.00112965 0.00093563 0.00111342
0.00087384 0.00115250 0.00095435 0.00113515
0.00089050 0.00117344 0.00097205 0.00115743
0.00090612 0.00119691 0.00099118 0.00117926
0.00092048 0.00121791 0.00100825 0.00120118
0.00093662 0.00123885 0.00102504 0.00122185
0.00095078 0.00125875 0.00104119 0.00124163
0.00096655 0.00127677 0.00105554 0.00126035
0.00097947 0.00129705 0.00107183 0.00127936
0.00099458 0.00131583 0.00108939 0.00129726
0.00100809 0.00133606 0.00110374 0.00131864
0.00102084 0.00135463 0.00111942 0.00133551
0.00103492 0.00137455 0.00113671 0.00135550
0.00104945 0.00138893 0.00114975 0.00137093
0.00106246 0.00140900 0.00116494 0.00138914
0.00107614 0.00142355 0.00117609 0.00140397
0.00108633 0.00144403 0.00119313 0.00142381
0.00109834 0.00145898 0.00120554 0.00144175
0.00111089 0.00147703 0.00121984 0.00145296
0.00112263 0.00149445 0.00123322 0.00147459
0.00113746 0.00151047 0.00124631 0.00148845
0.00114518 0.00152665 0.00126246 0.00150483
0.00115749 0.00154258 0.00127449 0.00152114
0.00117125 0.00155638 0.00128680 0.00153552
0.00118399 0.00157126 0.00129601 0.00154831
0.00119119 0.00159233 0.00131587 0.00156795
0.00120078 0.00160982 0.00132640 0.00158479
0.00121393 0.00161465 0.00133142 0.00159416
0.00122179 0.00163289 0.00134274 0.00161008
0.00123576 0.00165100 0.00135868 0.00162768
0.00124590 0.00166518 0.00136978 0.00163861
0.00125609 0.00167171 0.00138075 0.00165411
0.00126211 0.00169361 0.00139744 0.00167273
0.00127350 0.00171298 0.00141077 0.00168670
0.00128296 0.00172432 0.00141786 0.00169852
0.00129730 0.00173167 0.00142781 0.00170585
0.00131137 0.00174498 0.00143635 0.00172156
0.00131124 0.00176210 0.00145445 0.00173993
0.00132406 0.00177979 0.00146610 0.00175059
0.00133142 0.00179054 0.00147386 0.00176289
0.00133651 0.00180446 0.00148984 0.00178173
0.00134973 0.00181800 0.00149187 0.00179600
0.00136495 0.00182761 0.00150935 0.00180336
0.00137804 0.00183476 0.00150919 0.00180832
0.00137301 0.00186074 0.00152596 0.00183527
0.00138570 0.00187165 0.00154210 0.00184447
0.00139507 0.00187748 0.00155082 0.00185839
0.00140790 0.00189688 0.00156181 0.00186812
0.00141054 0.00190957 0.00157125 0.00188488
0.00142545 0.00191701 0.00157421 0.00188699
0.00144150 0.00192156 0.00158008 0.00190235
0.00144136 0.00194268 0.00159386 0.00192021
0.00145494 0.00195260 0.00161245 0.00192880
0.00145480 0.00196785 0.00162160 0.00194615
0.00147510 0.00197127 0.00162889 0.00195423
0.00147170 0.00198952 0.00164109 0.00196561
0.00149202 0.00198788 0.00164533 0.00197777
0.00148273 0.00201182 0.00165518 0.00199171
0.00150153 0.00201407 0.00165867 0.00199448
0.00150350 0.00203878 0.00168710 0.00201182
0.00152068 0.00204112 0.00168250 0.00202145
0.00151721 0.00205741 0.00169975 0.00202898
0.00152888 0.00206172 0.00170667 0.00204564
0.00154144 0.00206464 0.00171537 0.00204684
0.00154615 0.00209579 0.00173410 0.00206609
0.00155542 0.00210935 0.00172752 0.00208113
0.00155973 0.00211131 0.00173022 0.00208812
0.00157349 0.00211012 0.00173880 0.00208902
0.00157757 0.00212822 0.00174645 0.00210298
0.00158102 0.00215508 0.00177243 0.00212440
0.00159021 0.00215359 0.00177415 0.00213056
0.00159536 0.00216020 0.00178724 0.00214488
0.00160348 0.00218143 0.00178753 0.00214921
0.00161143 0.00217697 0.00180355 0.00217408
0.00162303 0.00220789 0.00180411 0.00217276
0.00162470 0.00220497 0.00181352 0.00217647
0.00163951 0.00219066 0.00182185 0.00218933
0.00164197 0.00221875 0.00182784 0.00220748
0.00164452 0.00223102 0.00184139 0.00221374
0.00166047 0.00224668 0.00185730 0.00221472
0.00165613 0.00224881 0.00186654 0.00223919
0.00165531 0.00226271 0.00187411 0.00224499
0.00167537 0.00228331 0.00188491 0.00225729
0.00168004 0.00227844 0.00189484 0.00227617
0.00169506 0.00228532 0.00189114 0.00226628
0.00170687 0.00228652 0.00189363 0.00227895
0.00169980 0.00231102 0.00190127 0.00229685
0.00170754 0.00233060 0.00191818 0.00230220
0.00169968 0.00234890 0.00194590 0.00231309
0.00172400 0.00230982 0.00191101 0.00231676
0.00174532 0.00236562 0.00193621 0.00231196
0.00173453 0.00234653 0.00194110 0.00235371
0.00173304 0.00238545 0.00195929 0.00235353
0.00174728 0.00237020 0.00196397 0.00235660
0.00173931 0.00238831 0.00196867 0.00237072
0.00176964 0.00240026 0.00198201 0.00237662
0.00175775 0.00243390 0.00198608 0.00239022
0.00179657 0.00239481 0.00198980 0.00240221
0.00174955 0.00242105 0.00199563 0.00238892
0.00177620 0.00244350 0.00201542 0.00243854
0.00178801 0.00243258 0.00201343 0.00242247
0.00178539 0.00245574 0.00201496 0.00243136
0.00180013 0.00245793 0.00202990 0.00241660
0.00180606 0.00245443 0.00203298 0.00245153
0.00181442 0.00249881 0.00205144 0.00245731
0.00183621 0.00245710 0.00204573 0.00246580
0.00181260 0.00250236 0.00205795 0.00247508
0.00184594 0.00249859 0.00204590 0.00247332
0.00183216 0.00249122 0.00206062 0.00250449
0.00184483 0.00251076 0.00209453 0.00251149
0.00184928 0.00252921 0.00207858 0.00251065
0.00186302 0.00254010 0.00211353 0.00252370
0.00188624 0.00253526 0.00210028 0.00254306
0.00184995 0.00256473 0.00211927 0.00253984
0.00188706 0.00253357 0.00209803 0.00252135
0.00186806 0.00256984 0.00213963 0.00256836
0.00186265 0.00256153 0.00210833 0.00255609
0.00188496 0.00256611 0.00214210 0.00255361
0.00190246 0.00256984 0.00213023 0.00256561
0.00187762 0.00261908 0.00214053 0.00256393
0.00192312 0.00259996 0.00213882 0.00259120
0.00189675 0.00261084 0.00216517 0.00260423
0.00191102 0.00260409 0.00216629 0.00259957
0.00191127 0.00262720 0.00218601 0.00264732
0.00192489 0.00261222 0.00217417 0.00262747
0.00192268 0.00265870 0.00219355 0.00265419
0.00191926 0.00267244 0.00220832 0.00266277
0.00193690 0.00268133 0.00221101 0.00267483
0.00194079 0.00264737 0.00220013 0.00265384
0.00195819 0.00265544 0.00220225 0.00265986
0.00197134 0.00272337 0.00221939 0.00268794
0.00197417 0.00267984 0.00221241 0.00268328
0.00197059 0.00267430 0.00222064 0.00269792
0.00197633 0.00268457 0.00222116 0.00268595
0.00199461 0.00269657 0.00224417 0.00268051
0.00196016 0.00272965 0.00226948 0.00272874
0.00197572 0.00270952 0.00225548 0.00274159
0.00198987 0.00275339 0.00228291 0.00275255
0.00199207 0.00275735 0.00227698 0.00273600
0.00200179 0.00276683 0.00225339 0.00272974
0.00198034 0.00277395 0.00229019 0.00276894
0.00200669 0.00273184 0.00229104 0.00276399
0.00203768 0.00274911 0.00228182 0.00275177
0.00200781 0.00280332 0.00229991 0.00277228
0.00201641 0.00278468 0.00228505 0.00276974
0.00202522 0.00280660 0.00231952 0.00279734
0.00203264 0.00278914 0.00232003 0.00280455
0.00203146 0.00279492 0.00231431 0.00280719
0.00204347 0.00285102 0.00234641 0.00284016
0.00204982 0.00284969 0.00232906 0.00283246
0.00206165 0.00282769 0.00233000 0.00283162
0.00204694 0.00285748 0.00235985 0.00286503
0.00204747 0.00284840 0.00237629 0.00285539
0.00207010 0.00284187 0.00236470 0.00285176
0.00209732 0.00283844 0.00234592 0.00285107
0.00208273 0.00289839 0.00238172 0.00289095
0.00207825 0.00290978 0.00237853 0.00288807
0.00210331 0.00288864 0.00236073 0.00287495
0.00211406 0.00289427 0.00240305 0.00290328
0.00211328 0.00287260 0.00240728 0.00288938
0.00211146 0.00288324 0.00238948 0.00288452
0.00207992 0.00292733 0.00240396 0.00290690
0.00208669 0.00293848 0.00240900 0.00291762
0.00209247 0.00291731 0.00242490 0.00292805
0.00211822 0.00289995 0.00241181 0.00292928
0.00211816 0.00295026 0.00242778 0.00294154
0.00211256 0.00293602 0.00241349 0.00291169
0.00212533 0.00293382 0.00241747 0.00289866
0.00212818 0.00300395 0.00245554 0.00294711
0.00214139 0.00299858 0.00246849 0.00296330
0.00216596 0.00298970 0.00246951 0.00298404
0.00215148 0.00296409 0.00246107 0.00298965
0.00211499 0.00301821 0.00246610 0.00301449
0.00211885 0.00300851 0.00247505 0.00300221
0.00215413 0.00301569 0.00247951 0.00298242
0.00217610 0.00303033 0.00248447 0.00298019
0.00216129 0.00304718 0.00250962 0.00302217
0.00214635 0.00300529 0.00249716 0.00302716
0.00213219 0.00297768 0.00249350 0.00304197
0.00216671 0.00298266 0.00249282 0.00304703
0.00219267 0.00305225 0.00251992 0.00307219
0.00220574 0.00304605 0.00250680 0.00305454
0.00219879 0.00304779 0.00251308 0.00303598
0.00219799 0.00304276 0.00253800 0.00304434
0.00217575 0.00308909 0.00259322 0.00309750
0.00218654 0.00308035 0.00255752 0.00308333
0.00221571 0.00307480 0.00254720 0.00308576
0.00225194 0.00308123 0.00253360 0.00308916
0.00227566 0.00307179 0.00255176 0.00308377
0.00225138 0.00310272 0.00258722 0.00313872
0.00222606 0.00308803 0.00255036 0.00312794
0.00223343 0.00309242 0.00254435 0.00311415
0.00224298 0.00309675 0.00255094 0.00312600
0.00224636 0.00314604 0.00264154 0.00317517
0.00225930 0.00312391 0.00264533 0.00316782
0.00228451 0.00310342 0.00262308 0.00314970
0.00227307 0.00308628 0.00258095 0.00313034
0.00226603 0.00307237 0.00255381 0.00313057
0.00223121 0.00315872 0.00261579 0.00317064
0.00219915 0.00316095 0.00263138 0.00318308
0.00221577 0.00317035 0.00263808 0.00318282
0.00224531 0.00316976 0.00264139 0.00316407
0.00229744 0.00315472 0.00260841 0.00315925
0.00231466 0.00322064 0.00265761 0.00319754
0.00230916 0.00322370 0.00265085 0.00319246
0.00228787 0.00320360 0.00262161 0.00319136
0.00226186 0.00316645 0.00258345 0.00320209
0.00227316 0.00315242 0.00259405 0.00318896
0.00230978 0.00321770 0.00264487 0.00323188
0.00231976 0.00320633 0.00267680 0.00322664
0.00234338 0.00322364 0.00267819 0.00323564
0.00234809 0.00324054 0.00265257 0.00326908
0.00233959 0.00324895 0.00262496 0.00328904
0.00233880 0.00322584 0.00261126 0.00327806
0.00233444 0.00327105 0.00267131 0.00330782
0.00233051 0.00321878 0.00268567 0.00327464
0.00234879 0.00318219 0.00268316 0.00324048
0.00237215 0.00316721 0.00266794 0.00323393
0.00240642 0.00317478 0.00264432 0.00324651
0.00239119 0.00320006 0.00265977 0.00327230
0.00235527 0.00331145 0.00272574 0.00332885
0.00232088 0.00332956 0.00274788 0.00333245
0.00230777 0.00332316 0.00274849 0.00333823
0.00229832 0.00328835 0.00272107 0.00333114
0.00230655 0.00325885 0.00267603 0.00332871
0.00231958 0.00323278 0.00267086 0.00332335
0.00231818 0.00329633 0.00274722 0.00339065
0.00231019 0.00329791 0.00277906 0.00338353
0.00232741 0.00331574 0.00281681 0.00336965
0.00233538 0.00331797 0.00282736 0.00334858
0.00235796 0.00332885 0.00278204 0.00331974
0.00238678 0.00334579 0.00271189 0.00330614
0.00240111 0.00344884 0.00274017 0.00334917
0.00238519 0.00343727 0.00276197 0.00336233
0.00238388 0.00339586 0.00277965 0.00338431
0.00239437 0.00336089 0.00280565 0.00339894
0.00240199 0.00333795 0.00280637 0.00341225
0.00241641 0.00331191 0.00279732 0.00341655
0.00244983 0.00328978 0.00275094 0.00340789
0.00247548 0.00335880 0.00277502 0.00346540
0.00246290 0.00335134 0.00278762 0.00344877
0.00242721 0.00336107 0.00280464 0.00342988
0.00240210 0.00337454 0.00281667 0.00341852
0.00238724 0.00340858 0.00281926 0.00340629
0.00238020 0.00344447 0.00281019 0.00340443
0.00239575 0.00345243 0.00277923 0.00340845
0.00242767 0.00354198 0.00280565 0.00347536
0.00246460 0.00351555 0.00280103 0.00347418
0.00246996 0.00346999 0.00282619 0.00347468
0.00247120 0.00342841 0.00284500 0.00347372
0.00244552 0.00339423 0.00286120 0.00345213
0.00241853 0.00336863 0.00285512 0.00343655
0.00241284 0.00335563 0.00283734 0.00344362
0.00240640 0.00336546 0.00281247 0.00345086
0.00240054 0.00348050 0.00285696 0.00354487
0.00237739 0.00351529 0.00285911 0.00356009
0.00236921 0.00353738 0.00287629 0.00356290
0.00238873 0.00352939 0.00287704 0.00354328
0.00242422 0.00350651 0.00287573 0.00353084
0.00245078 0.00347403 0.00287972 0.00351541
0.00246831 0.00345170 0.00287210 0.00350589
0.00247327 0.00343087 0.00284885 0.00348656
0.00248066 0.00351768 0.00287705 0.00352614
0.00248466 0.00351787 0.00288505 0.00351259
0.00247097 0.00352508 0.00289589 0.00351891
0.00243957 0.00352788 0.00293326 0.00353249
0.00241489 0.00351418 0.00294642 0.00353451
0.00240865 0.00350200 0.00294422 0.00353075
0.00241642 0.00348557 0.00293755 0.00353832
0.00243525 0.00347436 0.00291568 0.00354063
0.00245658 0.00357440 0.00292842 0.00360428
0.00247816 0.00357692 0.00290574 0.00360405
0.00249878 0.00357278 0.00290321 0.00358365
0.00251831 0.00357785 0.00291363 0.00356550
0.00252380 0.00360490 0.00294635 0.00357002
0.00251648 0.00362163 0.00296630 0.00358586
0.00251615 0.00360863 0.00297910 0.00359879
0.00253052 0.00358983 0.00297572 0.00360891
0.00253755 0.00356694 0.00293273 0.00360968
0.00252718 0.00363572 0.00296034 0.00368051
0.00253622 0.00360148 0.00292285 0.00367406
0.00253703 0.00359450 0.00290564 0.00365454
0.00254336 0.00359797 0.00290068 0.00364322
0.00255194 0.00360850 0.00292434 0.00363666
0.00256090 0.00363114 0.00295467 0.00361834
0.00257797 0.00365602 0.00294934 0.00360874
0.00260695 0.00365634 0.00294894 0.00359963
0.00262959 0.00363502 0.00295459 0.00359472
0.00263644 0.00372466 0.00298098 0.00365865
0.00262794 0.00371573 0.00296316 0.00365582
0.00262348 0.00370867 0.00293208 0.00365253
0.00260526 0.00369590 0.00293270 0.00366336
0.00259063 0.00367492 0.00292762 0.00367435
0.00259557 0.00366879 0.00293479 0.00369047
0.00260522 0.00366128 0.00296111 0.00370991
0.00260800 0.00364693 0.00298448 0.00373223
0.00260274 0.00363747 0.00298625 0.00375624
0.00260141 0.00362841 0.00299269 0.00377499
0.00260704 0.00373561 0.00304742 0.00385897
0.00261709 0.00373287 0.00304068 0.00385406
0.00262107 0.00372143 0.00303728 0.00385292
0.00261569 0.00369898 0.00299332 0.00383074
0.00259529 0.00368508 0.00296697 0.00380683
0.00258822 0.00367542 0.00294591 0.00378284
0.00259898 0.00366388 0.00295746 0.00375721
0.00261215 0.00365574 0.00298427 0.00372626
0.00262872 0.00365460 0.00299672 0.00370927
0.00265326 0.00366885 0.00301094 0.00370186
0.00267505 0.00369242 0.00302730 0.00369501
0.00267271 0.00384091 0.00309238 0.00377492
0.00266316 0.00386121 0.00310119 0.00378881
0.00264850 0.00387123 0.00311044 0.00380137
0.00264082 0.00387369 0.00310601 0.00382028
0.00262310 0.00387398 0.00308437 0.00383435
0.00261867 0.00385757 0.00306369 0.00384791
0.00261920 0.00383898 0.00303742 0.00386000
0.00262964 0.00381743 0.00302757 0.00386215
0.00264174 0.00381734 0.00303763 0.00385572
0.00265188 0.00382089 0.00304764 0.00384089
0.00267226 0.00381579 0.00304941 0.00383107
0.00267902 0.00379532 0.00304076 0.00382106
0.00267839 0.00389713 0.00308825 0.00389717
0.00268510 0.00387638 0.00309124 0.00388688
0.00269356 0.00385587 0.00309160 0.00388094
0.00268771 0.00382100 0.00310108 0.00387553
0.00267304 0.00378761 0.00310176 0.00386514
0.00265735 0.00377044 0.00312041 0.00386315
0.00266388 0.00375716 0.00313447 0.00386408
0.00267581 0.00376080 0.00314928 0.00386073
0.00268080 0.00377024 0.00316093 0.00386329
0.00268486 0.00377777 0.00317213 0.00386264
0.00268996 0.00378891 0.00317397 0.00386156
0.00268677 0.00381212 0.00316946 0.00385540
0.00267050 0.00397805 0.00320866 0.00393549
0.00265228 0.00400267 0.00319933 0.00392963
0.00264064 0.00402155 0.00318601 0.00393435
0.00263637 0.00403806 0.00316139 0.00393457
0.00263277 0.00404703 0.00314600 0.00392700
0.00263052 0.00403675 0.00313011 0.00392108
0.00262599 0.00399957 0.00311961 0.00392174
0.00263716 0.00395892 0.00313530 0.00392637
0.00264846 0.00392167 0.00313830 0.00392659
0.00265642 0.00388977 0.00314493 0.00392659
0.00267690 0.00386084 0.00315712 0.00393710
0.00271401 0.00382863 0.00316113 0.00395174
0.00274471 0.00380826 0.00316463 0.00395850
0.00276039 0.00393988 0.00322755 0.00406364
0.00277195 0.00393529 0.00322350 0.00405865
0.00277559 0.00393926 0.00323026 0.00406383
0.00277200 0.00395085 0.00324947 0.00406923
0.00275284 0.00396473 0.00324752 0.00405951
0.00273076 0.00397284 0.00323065 0.00405576
0.00271218 0.00398452 0.00319943 0.00404479
0.00270585 0.00399570 0.00315982 0.00402255
0.00270677 0.00399878 0.00313872 0.00399937
0.00271131 0.00399603 0.00314161 0.00397264
0.00271743 0.00398377 0.00313067 0.00395938
0.00271391 0.00397971 0.00312044 0.00394669
0.00273231 0.00398081 0.00311529 0.00393646
0.00275653 0.00399342 0.00311822 0.00392837
0.00277486 0.00400294 0.00314016 0.00392509
0.00277539 0.00416238 0.00323098 0.00403031
0.00278385 0.00415150 0.00324731 0.00403745
0.00279395 0.00413404 0.00324690 0.00404745
0.00279609 0.00412173 0.00325876 0.00405873
0.00279687 0.00411531 0.00326924 0.00406561
0.00277630 0.00410381 0.00326912 0.00407302
0.00274098 0.00408745 0.00326078 0.00407493
0.00271432 0.00407583 0.00323482 0.00407395
0.00269313 0.00406828 0.00319454 0.00407763
0.00268811 0.00404920 0.00320198 0.00407730
0.00268711 0.00402864 0.00320636 0.00407190
0.00268776 0.00401450 0.00320747 0.00406212
0.00269514 0.00400181 0.00321747 0.00406497
0.00269557 0.00399204 0.00322570 0.00406453
0.00270868 0.00396273 0.00322796 0.00406024
0.00271113 0.00409905 0.00329001 0.00416822
0.00271907 0.00407918 0.00329456 0.00415518
0.00272697 0.00406456 0.00329440 0.00414603
0.00272849 0.00405638 0.00328879 0.00414420
0.00272211 0.00404887 0.00328062 0.00413871
0.00272078 0.00404246 0.00329174 0.00414178
0.00271573 0.00404381 0.00328918 0.00414107
0.00270613 0.00406129 0.00327126 0.00414045
0.00268718 0.00408261 0.00325416 0.00413399
0.00267880 0.00410970 0.00324134 0.00412985
0.00266935 0.00414052 0.00322222 0.00412385
0.00265689 0.00417248 0.00322238 0.00411075
0.00263480 0.00419846 0.00323093 0.00410501
0.00263159 0.00421369 0.00323913 0.00410554
0.00264530 0.00421666 0.00325728 0.00411378
0.00266219 0.00421261 0.00328869 0.00411637
0.00266595 0.00420294 0.00331204 0.00411964
0.00264539 0.00436962 0.00340979 0.00424626
0.00265009 0.00434778 0.00339767 0.00423420
0.00265671 0.00432307 0.00340272 0.00422759
0.00267416 0.00429143 0.00342380 0.00422141
0.00269338 0.00426219 0.00343882 0.00422062
0.00272159 0.00424150 0.00344281 0.00421813
0.00275120 0.00422187 0.00345977 0.00421511
0.00276180 0.00419530 0.00348604 0.00421078
0.00275531 0.00416019 0.00349466 0.00420684
0.00273276 0.00412142 0.00348668 0.00420279
0.00271443 0.00409715 0.00345323 0.00419866
0.00270877 0.00407584 0.00340352 0.00418679
0.00271730 0.00405993 0.00335127 0.00417703
0.00273290 0.00405258 0.00331746 0.00416666
0.00274635 0.00405024 0.00329189 0.00416531
0.00275203 0.00404937 0.00327122 0.00417098
0.00274541 0.00404567 0.00326611 0.00416674
0.00273999 0.00404620 0.00327780 0.00416657
0.00269637 0.00422532 0.00336673 0.00430389
0.00268135 0.00423138 0.00336004 0.00429930
0.00267768 0.00423587 0.00335388 0.00428141
0.00267397 0.00423734 0.00334336 0.00426916
0.00267701 0.00423965 0.00335012 0.00426348
0.00267903 0.00424603 0.00337544 0.00426434
0.00268249 0.00425990 0.00340033 0.00426678
0.00268161 0.00427709 0.00342415 0.00427176
0.00268384 0.00428446 0.00346829 0.00427942
0.00268681 0.00428664 0.00351253 0.00428418
0.00269035 0.00428385 0.00355155 0.00429382
0.00269511 0.00428004 0.00357345 0.00431034
0.00270685 0.00428030 0.00359645 0.00432836
0.00271971 0.00428356 0.00360459 0.00434782
0.00273292 0.00428104 0.00359313 0.00436227
0.00275851 0.00427470 0.00359627 0.00437306
0.00278672 0.00426176 0.00358156 0.00438282
0.00281833 0.00425174 0.00354065 0.00439156
0.00284386 0.00423824 0.00351791 0.00439570
0.00283552 0.00442056 0.00361018 0.00453488
0.00286043 0.00441203 0.00358180 0.00453147
0.00288128 0.00439774 0.00352998 0.00452974
0.00289601 0.00438712 0.00347485 0.00451156
0.00290006 0.00437411 0.00342676 0.00449297
0.00290923 0.00435368 0.00338189 0.00448133
0.00290233 0.00433590 0.00334527 0.00447079
0.00289077 0.00432377 0.00332873 0.00445672
0.00288566 0.00431773 0.00331549 0.00443564
0.00289245 0.00430957 0.00330709 0.00441920
0.00289075 0.00429530 0.00330376 0.00440112
0.00288849 0.00427598 0.00331832 0.00438370
0.00287676 0.00425913 0.00335479 0.00436035
0.00286548 0.00424871 0.00337952 0.00434034
0.00285909 0.00424613 0.00338845 0.00432363
0.00286205 0.00424802 0.00339927 0.00430926
0.00286066 0.00424814 0.00339921 0.00430237
0.00285788 0.00424800 0.00337999 0.00430044
0.00287477 0.00425417 0.00338200 0.00430269
0.00290197 0.00425680 0.00339776 0.00431235
0.00292877 0.00425512 0.00340554 0.00432042
0.00295301 0.00424809 0.00341388 0.00433076
0.00294138 0.00443989 0.00356069 0.00448480
0.00296972 0.00443070 0.00356753 0.00449525
0.00299849 0.00442490 0.00356646 0.00450403
0.00302209 0.00442068 0.00355501 0.00451036
0.00304757 0.00442264 0.00353581 0.00450993
0.00306186 0.00442388 0.00352173 0.00450484
0.00307074 0.00442325 0.00350182 0.00451076
0.00308825 0.00442671 0.00347338 0.00451818
0.00310311 0.00443573 0.00344925 0.00452785
0.00310516 0.00445103 0.00345532 0.00454683
0.00308871 0.00446658 0.00345349 0.00456476
0.00306858 0.00447673 0.00345052 0.00457791
0.00304181 0.00448661 0.00345384 0.00458122
0.00300404 0.00449360 0.00345010 0.00458321
0.00297014 0.00449954 0.00345630 0.00458896
0.00295114 0.00450376 0.00346088 0.00460102
0.00293646 0.00449348 0.00345882 0.00460476
0.00292096 0.00448125 0.00345114 0.00460226
0.00290801 0.00446084 0.00344375 0.00459479
0.00290252 0.00444479 0.00342562 0.00458877
0.00289850 0.00443246 0.00338116 0.00458524
0.00290404 0.00441949 0.00335189 0.00458452
0.00290462 0.00440893 0.00334717 0.00457788
0.00289945 0.00439793 0.00334438 0.00456595
0.00284386 0.00460578 0.00347207 0.00471097
0.00284061 0.00458920 0.00347845 0.00470496
0.00285009 0.00457347 0.00348523 0.00468964
0.00286597 0.00455953 0.00349578 0.00467640
0.00288060 0.00454496 0.00349406 0.00467055
0.00288534 0.00452289 0.00349753 0.00465902
0.00289675 0.00449348 0.00350007 0.00464615
0.00291660 0.00446378 0.00348618 0.00463626
0.00292892 0.00444181 0.00345177 0.00462627
0.00293983 0.00442576 0.00341432 0.00462265
0.00296157 0.00441550 0.00338552 0.00461876
0.00297440 0.00441405 0.00336951 0.00461492
0.00298123 0.00441778 0.00338152 0.00461526
0.00297170 0.00441805 0.00340840 0.00461396
0.00295899 0.00441336 0.00342576 0.00460777
0.00294295 0.00440426 0.00344288 0.00460783
0.00293459 0.00439544 0.00344941 0.00461101
0.00293038 0.00438845 0.00346666 0.00461851
0.00293116 0.00438708 0.00348700 0.00461262
0.00293023 0.00438170 0.00351545 0.00460703
0.00292851 0.00437597 0.00352673 0.00460108
0.00292423 0.00438014 0.00353943 0.00459644
0.00292275 0.00438538 0.00354757 0.00459231
0.00292939 0.00439111 0.00353543 0.00458771
0.00294012 0.00440039 0.00351799 0.00457775
0.00295523 0.00440176 0.00352172 0.00456524
0.00291775 0.00463963 0.00369349 0.00470645
0.00291874 0.00465435 0.00368365 0.00470290
0.00291973 0.00466799 0.00368267 0.00470916
0.00292099 0.00468242 0.00368203 0.00471505
0.00292288 0.00469964 0.00367980 0.00471493
0.00292559 0.00471197 0.00368695 0.00471670
0.00292603 0.00471692 0.00368158 0.00472659
0.00292370 0.00472173 0.00366648 0.00472872
0.00291816 0.00472264 0.00364889 0.00472174
0.00291762 0.00472628 0.00363454 0.00471802
0.00293049 0.00473392 0.00360775 0.00471744
0.00294129 0.00474011 0.00358100 0.00472362
0.00294932 0.00474452 0.00355420 0.00473514
0.00296245 0.00474736 0.00352376 0.00474345
0.00298906 0.00474657 0.00349546 0.00475447
0.00301215 0.00473663 0.00345955 0.00476329
0.00302987 0.00472396 0.00345271 0.00476805
0.00303668 0.00470628 0.00345975 0.00477251
0.00303526 0.00468683 0.00346737 0.00477604
0.00303805 0.00466932 0.00349091 0.00477766
0.00303892 0.00465323 0.00350471 0.00478384
0.00302584 0.00463884 0.00351522 0.00478109
0.00301484 0.00462852 0.00353182 0.00477741
0.00300300 0.00461728 0.00355419 0.00477575
0.00298401 0.00460690 0.00355581 0.00478226
0.00296338 0.00459858 0.00354603 0.00478986
0.00296126 0.00458742 0.00353813 0.00479501
0.00296853 0.00458418 0.00353329 0.00479497
0.00297087 0.00457926 0.00351213 0.00478940
0.00291839 0.00482698 0.00366193 0.00496120
0.00290451 0.00482297 0.00365608 0.00495981
0.00289046 0.00481950 0.00366021 0.00495674
0.00287857 0.00482293 0.00366902 0.00495350
0.00286186 0.00482144 0.00369099 0.00495486
0.00285299 0.00482055 0.00371634 0.00495401
0.00285636 0.00482131 0.00372467 0.00494385
0.00286382 0.00481485 0.00373205 0.00493546
0.00287218 0.00480322 0.00373676 0.00492589
0.00288847 0.00479068 0.00374211 0.00491398
0.00290836 0.00477236 0.00374563 0.00489481
0.00292774 0.00475681 0.00375806 0.00487990
0.00294470 0.00474008 0.00376548 0.00487252
0.00296011 0.00472851 0.00378099 0.00485814
0.00297265 0.00471554 0.00378886 0.00484540
0.00299229 0.00470135 0.00379045 0.00483312
0.00300731 0.00469124 0.00378243 0.00481876
0.00302696 0.00467642 0.00376988 0.00480197
0.00304906 0.00466562 0.00377495 0.00478799
0.00307091 0.00465704 0.00378589 0.00477635
0.00308620 0.00465223 0.00379037 0.00476554
0.00309036 0.00464715 0.00380683 0.00475850
0.00309041 0.00464070 0.00383434 0.00475389
0.00309481 0.00463385 0.00386550 0.00475236
0.00310633 0.00462488 0.00388844 0.00474484
0.00311927 0.00461253 0.00388661 0.00474098
0.00313853 0.00459701 0.00388974 0.00473861
0.00315087 0.00458800 0.00389806 0.00473646
0.00315816 0.00458143 0.00389848 0.00473346
0.00316779 0.00457062 0.00389537 0.00473295
0.00318050 0.00455994 0.00387672 0.00473452
0.00318992 0.00455558 0.00384687 0.00473046
0.00319515 0.00455164 0.00381212 0.00471958
0.00317025 0.00480687 0.00398086 0.00488274
0.00317514 0.00480643 0.00392117 0.00488141
0.00317975 0.00481127 0.00386709 0.00488306
0.00318488 0.00482028 0.00383201 0.00488202
0.00318750 0.00482921 0.00379926 0.00487126
0.00319181 0.00484296 0.00376330 0.00486670
0.00320041 0.00485645 0.00373072 0.00486819
0.00321427 0.00487332 0.00370470 0.00487107
0.00322809 0.00489702 0.00367800 0.00487132
0.00323059 0.00492138 0.00365455 0.00487255
0.00322689 0.00494508 0.00362650 0.00487500
0.00322379 0.00495943 0.00361323 0.00487556
0.00322423 0.00496806 0.00359785 0.00487180
0.00322896 0.00497004 0.00358848 0.00486220
0.00322743 0.00496598 0.00358073 0.00485607
0.00322386 0.00495696 0.00357180 0.00484999
0.00323150 0.00494392 0.00355356 0.00484722
0.00323446 0.00492976 0.00353972 0.00484938
0.00323052 0.00491469 0.00354118 0.00485091
0.00323548 0.00490124 0.00353614 0.00485014
0.00324770 0.00488495 0.00352568 0.00485276
0.00325952 0.00487166 0.00352635 0.00485130
0.00326392 0.00486485 0.00352399 0.00484847
0.00326586 0.00485211 0.00352175 0.00484541
0.00327246 0.00483628 0.00353063 0.00484371
0.00328070 0.00482096 0.00354465 0.00484494
0.00329025 0.00480775 0.00357788 0.00485195
0.00329373 0.00480018 0.00363404 0.00485901
0.00329976 0.00478859 0.00368402 0.00486497
0.00330622 0.00477766 0.00372589 0.00486887
0.00331278 0.00476449 0.00376292 0.00487335
0.00331847 0.00475158 0.00379262 0.00488412
0.00332938 0.00473423 0.00382718 0.00489805
0.00333887 0.00471541 0.00386941 0.00491325
0.00334654 0.00469270 0.00390940 0.00492792
0.00334770 0.00466829 0.00394516 0.00493681
0.00334271 0.00464396 0.00395396 0.00494321
0.00329266 0.00490155 0.00418910 0.00514412
0.00328280 0.00488315 0.00417680 0.00515703
0.00326703 0.00486855 0.00415193 0.00516647
0.00325985 0.00485610 0.00410765 0.00517186
0.00325352 0.00484311 0.00407621 0.00518630
0.00325381 0.00482720 0.00406532 0.00520366
0.00324817 0.00481595 0.00405802 0.00521756
0.00324147 0.00480068 0.00403722 0.00522813
0.00324294 0.00478721 0.00400962 0.00524447
0.00324643 0.00477548 0.00399757 0.00526311
0.00324415 0.00476815 0.00397543 0.00528084
0.00324600 0.00476659 0.00396090 0.00529319
0.00324904 0.00476786 0.00394383 0.00530265
0.00324562 0.00477154 0.00392234 0.00531290
0.00323683 0.00477612 0.00390054 0.00531447
0.00323002 0.00478540 0.00386821 0.00531004
0.00321717 0.00479364 0.00383461 0.00530165
0.00320715 0.00480157 0.00379729 0.00529515
0.00320063 0.00480832 0.00376223 0.00528422
0.00320245 0.00481698 0.00372764 0.00527496
0.00320810 0.00482942 0.00370255 0.00526810
0.00320970 0.00484053 0.00367726 0.00526014
0.00320139 0.00485363 0.00365082 0.00525011
0.00319725 0.00486370 0.00362550 0.00524311
0.00318890 0.00486993 0.00361359 0.00523207
0.00317740 0.00487428 0.00360196 0.00521993
0.00316161 0.00488558 0.00359389 0.00520899
0.00314237 0.00489496 0.00359007 0.00519622
0.00311819 0.00490108 0.00358713 0.00518464
0.00310531 0.00490850 0.00357961 0.00516932
0.00310639 0.00491698 0.00357689 0.00515862
0.00311715 0.00491849 0.00357800 0.00514164
0.00312666 0.00491831 0.00357622 0.00512414
0.00313655 0.00491569 0.00358341 0.00510766
0.00313996 0.00491403 0.00360223 0.00509441
0.00314980 0.00491516 0.00362420 0.00508521
0.00316426 0.00492159 0.00363447 0.00507627
0.00317569 0.00492633 0.00365241 0.00507374
0.00319205 0.00493391 0.00366313 0.00507024
0.00320372 0.00493873 0.00367501 0.00506617
0.00321101 0.00494000 0.00369870 0.00506292
0.00312322 0.00526494 0.00397682 0.00523968
0.00312163 0.00527238 0.00399122 0.00525399
0.00312611 0.00528051 0.00399343 0.00526693
0.00312788 0.00529215 0.00398814 0.00527991
0.00313004 0.00530218 0.00398331 0.00529238
0.00313716 0.00531458 0.00397832 0.00530371
0.00313320 0.00532285 0.00395870 0.00531376
0.00311993 0.00533214 0.00392156 0.00531882
0.00310853 0.00533424 0.00388682 0.00532823
0.00310197 0.00533107 0.00386964 0.00533478
0.00310347 0.00532316 0.00384314 0.00533714
0.00310739 0.00531694 0.00381426 0.00533703
0.00310922 0.00530982 0.00378189 0.00534428
0.00310425 0.00529442 0.00375595 0.00535410
0.00309951 0.00528054 0.00373481 0.00535943
0.00309367 0.00527056 0.00371879 0.00535746
0.00308970 0.00526112 0.00371937 0.00535621
0.00308437 0.00525117 0.00371263 0.00535498
0.00307148 0.00524120 0.00369906 0.00535118
0.00306458 0.00522910 0.00368282 0.00534130
0.00305899 0.00521390 0.00366519 0.00532663
0.00305408 0.00519421 0.00364668 0.00531464
0.00304338 0.00516989 0.00361842 0.00530897
0.00303745 0.00514316 0.00359900 0.00530288
0.00304193 0.00511096 0.00357325 0.00529413
0.00305424 0.00507855 0.00355556 0.00528699
0.00306724 0.00504780 0.00354587 0.00527718
0.00307666 0.00502210 0.00353447 0.00526744
0.00308908 0.00499771 0.00352752 0.00525925
0.00310384 0.00497725 0.00352956 0.00525273
0.00310566 0.00495345 0.00353691 0.00524515
0.00309934 0.00493472 0.00354591 0.00523677
0.00309381 0.00491708 0.00356592 0.00522463
0.00308123 0.00490372 0.00359402 0.00521198
0.00307489 0.00489289 0.00361818 0.00520220
0.00307131 0.00488436 0.00362664 0.00519383
0.00307539 0.00487777 0.00363229 0.00518646
0.00308639 0.00487932 0.00363530 0.00517533
0.00309685 0.00488247 0.00363777 0.00516487
0.00309824 0.00488205 0.00364808 0.00515551
0.00309325 0.00488333 0.00365554 0.00515163
0.00308923 0.00488292 0.00366690 0.00514797
0.00308146 0.00488090 0.00368936 0.00514732
0.00307288 0.00487455 0.00371984 0.00515128
0.00306498 0.00486624 0.00376108 0.00515536
0.00306016 0.00485832 0.00379449 0.00514997
0.00304663 0.00485098 0.00382167 0.00514080
0.00303174 0.00484267 0.00384479 0.00512993
0.00287738 0.00516168 0.00415607 0.00529651
0.00285834 0.00515397 0.00416478 0.00529059
0.00283120 0.00515340 0.00417496 0.00528507
0.00280517 0.00515647 0.00419128 0.00528326
0.00278971 0.00515710 0.00420350 0.00528852
0.00277501 0.00515485 0.00419868 0.00529598
0.00276521 0.00515372 0.00418647 0.00530720
0.00276127 0.00515679 0.00416652 0.00531735
0.00275381 0.00515521 0.00414655 0.00532705
0.00274879 0.00515886 0.00413332 0.00533077
0.00273707 0.00515801 0.00411601 0.00533171
0.00272360 0.00515731 0.00408779 0.00533581
0.00270492 0.00515598 0.00406899 0.00534600
0.00268779 0.00515598 0.00405968 0.00535386
0.00267429 0.00515723 0.00405396 0.00535792
0.00266714 0.00516243 0.00404493 0.00535899
0.00266441 0.00516806 0.00402500 0.00536777
0.00266865 0.00516996 0.00401152 0.00537950
0.00267242 0.00517040 0.00400353 0.00539511
0.00267603 0.00517442 0.00398624 0.00540751
0.00267849 0.00517348 0.00397864 0.00541505
0.00268855 0.00516966 0.00396831 0.00542339
0.00269623 0.00516391 0.00395576 0.00543185
0.00270273 0.00515469 0.00393370 0.00544163
0.00271525 0.00514610 0.00390189 0.00544850
0.00272727 0.00513522 0.00386565 0.00544630
0.00273774 0.00512315 0.00382495 0.00544321
0.00274131 0.00511297 0.00377158 0.00544237
0.00274939 0.00510564 0.00371819 0.00544199
0.00275604 0.00509814 0.00366638 0.00544702
0.00275993 0.00509492 0.00362351 0.00545932
0.00276535 0.00509507 0.00358199 0.00547188
0.00276447 0.00509914 0.00354039 0.00548252
0.00275876 0.00510232 0.00349422 0.00548650
0.00275249 0.00510257 0.00344828 0.00548680
0.00274304 0.00510116 0.00341196 0.00549201
0.00273426 0.00510169 0.00337548 0.00549428
0.00272879 0.00510458 0.00334120 0.00549660
0.00271795 0.00510732 0.00332108 0.00549337
0.00271753 0.00510576 0.00330348 0.00548780
0.00271816 0.00510226 0.00329715 0.00548397
0.00272771 0.00510127 0.00329472 0.00547974
0.00273998 0.00510169 0.00328763 0.00547355
0.00274543 0.00510192 0.00328474 0.00546013
0.00275280 0.00510420 0.00329203 0.00545114
0.00276946 0.00510651 0.00328844 0.00544589
0.00279519 0.00510891 0.00328652 0.00544138
0.00281784 0.00512010 0.00329568 0.00543556
0.00283802 0.00513568 0.00330771 0.00542912
0.00286224 0.00515029 0.00331838 0.00542210
0.00289051 0.00516217 0.00333741 0.00541664
0.00292243 0.00517498 0.00335929 0.00540972
0.00294340 0.00518905 0.00338014 0.00540450
0.00296777 0.00520464 0.00341055 0.00539588
0.00298780 0.00521705 0.00344689 0.00539103
0.00283461 0.00562170 0.00380090 0.00559181
0.00283153 0.00563668 0.00385531 0.00559986
0.00282760 0.00564562 0.00390092 0.00560135
0.00282861 0.00564828 0.00394955 0.00560531
0.00283898 0.00564526 0.00397938 0.00561008
0.00285561 0.00564410 0.00400712 0.00561309
0.00286872 0.00564094 0.00404033 0.00561246
0.00287595 0.00563922 0.00407049 0.00561161
0.00287928 0.00563401 0.00410153 0.00561258
0.00288062 0.00562575 0.00413308 0.00561619
0.00288050 0.00561341 0.00415558 0.00562259
0.00288374 0.00560149 0.00416594 0.00562330
0.00287731 0.00559522 0.00417419 0.00562029
0.00287077 0.00558905 0.00419927 0.00561629
0.00285683 0.00558749 0.00421992 0.00560916
0.00284456 0.00558984 0.00422177 0.00559896
0.00284046 0.00559100 0.00420083 0.00558551
0.00283988 0.00559277 0.00418052 0.00557735
0.00283518 0.00558559 0.00417058 0.00556840
0.00283323 0.00557793 0.00418034 0.00556035
0.00283592 0.00556835 0.00418500 0.00555020
0.00284089 0.00555935 0.00418658 0.00554128
0.00284303 0.00555310 0.00418428 0.00554561
0.00285021 0.00554450 0.00419392 0.00555501
0.00286286 0.00553765 0.00421079 0.00556551
0.00286473 0.00553488 0.00421784 0.00557259
0.00286888 0.00553390 0.00422482 0.00557814
0.00286582 0.00553389 0.00424034 0.00558217
0.00286373 0.00552903 0.00424632 0.00558892
0.00286044 0.00551625 0.00424710 0.00559697
0.00285523 0.00550670 0.00424543 0.00560411
0.00285642 0.00549631 0.00423331 0.00560745
0.00285694 0.00548236 0.00422179 0.00560512
0.00285805 0.00546908 0.00421222 0.00560448
0.00285485 0.00545398 0.00419804 0.00560738
0.00285205 0.00544140 0.00418216 0.00560785
0.00284609 0.00542958 0.00416201 0.00560995
0.00283933 0.00541739 0.00413647 0.00561502
0.00283490 0.00540544 0.00410873 0.00561988
0.00283337 0.00539104 0.00408116 0.00562010
0.00283514 0.00537295 0.00405564 0.00562019
0.00283678 0.00535302 0.00402564 0.00562141
0.00284361 0.00533366 0.00398759 0.00562083
0.00285416 0.00531261 0.00394701 0.00561570
0.00286533 0.00529284 0.00391101 0.00560915
0.00287357 0.00527397 0.00387726 0.00560714
0.00287578 0.00525593 0.00384460 0.00560244
0.00288111 0.00523950 0.00381161 0.00559574
0.00289084 0.00521891 0.00378122 0.00559152
0.00289565 0.00520189 0.00376330 0.00558792
0.00290060 0.00518694 0.00374680 0.00558866
0.00291269 0.00517975 0.00373489 0.00558444
0.00292484 0.00517512 0.00372470 0.00557784
0.00293699 0.00516473 0.00370736 0.00556993
0.00295275 0.00515225 0.00369749 0.00555966
0.00297134 0.00513943 0.00369443 0.00555462
0.00299073 0.00512800 0.00368715 0.00554871
0.00301175 0.00511871 0.00367448 0.00554340
0.00303360 0.00510687 0.00366773 0.00554169
0.00305944 0.00509335 0.00364802 0.00553980
0.00308496 0.00508082 0.00363323 0.00553787
0.00311070 0.00506662 0.00363144 0.00553194
0.00312845 0.00505083 0.00361796 0.00552277
0.00313979 0.00503802 0.00359792 0.00551422
0.00307449 0.00542899 0.00389720 0.00570617
0.00307528 0.00541880 0.00389109 0.00570469
0.00307364 0.00541250 0.00388546 0.00570704
0.00307323 0.00540340 0.00387368 0.00570685
0.00307657 0.00539531 0.00387798 0.00571079
0.00308441 0.00539064 0.00390813 0.00571148
0.00309810 0.00538515 0.00394314 0.00571305
0.00312357 0.00537668 0.00397734 0.00571650
0.00314740 0.00536841 0.00399966 0.00571477
0.00316865 0.00535772 0.00402355 0.00571321
0.00319053 0.00534680 0.00403666 0.00571886
0.00322220 0.00533538 0.00404773 0.00572189
0.00325465 0.00532222 0.00405998 0.00572356
0.00327940 0.00531406 0.00408203 0.00572607
0.00329920 0.00530870 0.00410437 0.00573234
0.00331502 0.00530287 0.00413014 0.00574286
0.00333237 0.00529725 0.00415630 0.00575523
0.00334644 0.00529120 0.00416901 0.00576988
0.00334739 0.00528658 0.00416703 0.00578488
0.00334665 0.00528343 0.00416422 0.00579474
0.00334613 0.00528056 0.00416754 0.00579676
0.00333624 0.00528191 0.00416713 0.00579437
0.00332530 0.00528540 0.00416227 0.00578896
0.00331701 0.00528805 0.00414303 0.00577823
0.00330778 0.00529207 0.00411397 0.00577273
0.00331256 0.00529699 0.00409070 0.00576939
0.00332078 0.00530328 0.00407653 0.00576478
0.00332999 0.00531153 0.00407656 0.00576053
0.00333471 0.00531694 0.00408351 0.00575651
0.00333471 0.00532597 0.00408243 0.00575590
0.00333201 0.00533663 0.00406815 0.00575803
0.00332536 0.00534193 0.00405841 0.00576177
0.00331179 0.00534488 0.00405975 0.00576387
0.00329336 0.00534936 0.00406103 0.00576562
0.00327778 0.00535721 0.00407124 0.00576643
0.00326152 0.00536339 0.00409343 0.00576716
0.00324397 0.00536935 0.00410934 0.00577064
0.00322225 0.00537510 0.00412115 0.00577942
0.00320189 0.00538086 0.00412924 0.00578718
0.00318945 0.00538595 0.00413493 0.00579120
0.00318347 0.00539376 0.00413171 0.00579080
0.00317554 0.00540289 0.00412572 0.00578649
0.00316370 0.00541236 0.00411898 0.00578453
0.00315738 0.00542114 0.00410805 0.00578445
0.00315868 0.00542987 0.00409837 0.00578557
0.00316036 0.00543977 0.00408164 0.00578771
0.00315791 0.00545050 0.00406863 0.00579528
0.00315960 0.00546262 0.00406136 0.00580923
0.00316580 0.00547896 0.00405558 0.00582165
0.00316069 0.00549475 0.00403850 0.00583277
0.00316105 0.00550870 0.00401713 0.00584322
0.00316171 0.00552346 0.00400745 0.00585393
0.00316075 0.00553731 0.00400627 0.00586705
0.00316297 0.00554729 0.00400720 0.00588206
0.00316295 0.00555444 0.00400628 0.00589814
0.00316091 0.00556125 0.00400174 0.00591217
0.00316128 0.00556428 0.00399447 0.00592462
0.00316243 0.00556663 0.00399185 0.00593698
0.00317138 0.00556830 0.00399615 0.00595051
0.00317938 0.00557125 0.00400410 0.00596340
0.00319090 0.00557721 0.00400787 0.00597747
0.00320328 0.00558363 0.00401386 0.00599033
0.00321128 0.00559475 0.00401730 0.00600141
0.00321920 0.00560072 0.00401626 0.00601425
0.00322758 0.00560353 0.00401723 0.00602568
0.00323327 0.00560280 0.00401766 0.00603805
0.00324174 0.00559863 0.00402863 0.00604992
0.00325454 0.00559421 0.00404030 0.00606183
0.00327093 0.00558685 0.00404883 0.00607219
0.00329139 0.00557551 0.00404629 0.00608240
0.00330894 0.00556370 0.00404988 0.00609046
0.00332532 0.00555241 0.00404969 0.00609747
0.00333800 0.00553982 0.00404605 0.00610163
0.00335017 0.00552547 0.00404263 0.00610305
0.00336065 0.00551160 0.00403121 0.00610330
0.00336702 0.00549820 0.00402964 0.00610042
0.00338112 0.00598818 0.00440819 0.00638649
0.00337433 0.00597659 0.00442755 0.00639023
0.00336654 0.00596729 0.00442377 0.00639253
0.00335900 0.00595065 0.00442144 0.00639328
0.00335644 0.00593415 0.00441608 0.00639147
0.00335902 0.00592007 0.00440940 0.00638329
0.00335810 0.00590700 0.00440438 0.00637556
0.00334858 0.00589319 0.00439573 0.00636600
0.00333377 0.00587353 0.00438668 0.00635985
0.00331411 0.00585333 0.00437553 0.00635675
0.00329969 0.00583625 0.00437075 0.00635576
0.00328573 0.00581334 0.00436748 0.00634974
0.00327133 0.00579216 0.00437368 0.00634876
0.00325459 0.00577428 0.00439982 0.00634358
0.00323770 0.00575834 0.00442378 0.00633721
0.00321217 0.00574099 0.00443805 0.00632845
0.00319127 0.00572671 0.00444588 0.00631709
0.00317544 0.00571349 0.00445520 0.00630421
0.00316569 0.00570055 0.00446250 0.00629750
0.00315896 0.00568659 0.00446278 0.00628540
0.00315452 0.00567668 0.00446164 0.00627186
0.00314878 0.00566709 0.00447415 0.00626046
0.00314537 0.00566298 0.00449814 0.00625138
0.00313841 0.00565748 0.00452165 0.00624516
0.00313044 0.00565169 0.00454291 0.00624322
0.00312620 0.00564652 0.00455708 0.00624142
0.00311675 0.00564051 0.00455805 0.00623976
0.00310625 0.00563343 0.00454859 0.00623811
0.00310329 0.00563173 0.00453935 0.00623720
0.00309802 0.00563075 0.00453817 0.00623293
0.00309325 0.00562548 0.00452607 0.00622761
0.00308153 0.00562338 0.00451539 0.00622035
0.00307954 0.00561888 0.00449663 0.00621316
0.00308136 0.00561421 0.00446706 0.00620295
0.00308797 0.00560937 0.00443861 0.00619797
0.00309355 0.00560330 0.00441717 0.00619321
0.00310105 0.00559708 0.00440071 0.00618965
0.00310508 0.00559285 0.00438875 0.00618269
0.00311263 0.00558794 0.00437576 0.00617073
0.00312369 0.00558388 0.00435610 0.00615670
0.00314120 0.00558162 0.00433292 0.00615223
0.00316231 0.00557486 0.00431489 0.00614862
0.00318266 0.00556715 0.00430214 0.00614495
0.00320045 0.00555952 0.00428191 0.00614145
0.00321821 0.00555212 0.00426110 0.00613320
0.00323659 0.00554547 0.00424438 0.00612292
0.00326091 0.00554063 0.00423063 0.00611265
0.00328558 0.00553627 0.00421665 0.00610289
0.00330299 0.00553397 0.00420100 0.00609521
0.00331678 0.00553163 0.00417803 0.00608527
0.00333302 0.00553019 0.00415220 0.00607372
0.00334615 0.00552921 0.00412493 0.00605765
0.00335653 0.00552784 0.00409232 0.00603823
0.00336328 0.00552525 0.00405988 0.00602062
0.00337008 0.00552279 0.00403137 0.00600707
0.00337502 0.00551657 0.00400172 0.00599333
0.00338545 0.00551007 0.00397133 0.00598088
0.00340171 0.00550456 0.00393548 0.00597088
0.00341581 0.00549964 0.00390714 0.00596376
0.00343166 0.00549664 0.00387648 0.00595715
0.00343719 0.00549508 0.00385533 0.00594840
0.00343293 0.00549669 0.00383043 0.00593749
0.00342820 0.00550071 0.00379952 0.00592666
0.00342037 0.00550250 0.00376182 0.00591891
0.00340858 0.00550412 0.00373094 0.00591314
0.00339093 0.00550182 0.00370868 0.00590824
0.00337259 0.00549845 0.00369445 0.00590464
0.00334931 0.00549699 0.00368436 0.00590336
0.00332486 0.00549530 0.00368126 0.00589935
0.00329497 0.00549351 0.00368258 0.00589585
0.00326242 0.00549058 0.00368965 0.00589331
0.00323864 0.00548752 0.00369266 0.00589340
0.00322405 0.00548472 0.00369497 0.00589487
0.00322037 0.00548379 0.00369757 0.00589868
0.00321332 0.00548417 0.00370313 0.00590354
0.00320829 0.00548263 0.00371340 0.00590316
0.00320553 0.00547989 0.00372427 0.00590152
0.00320369 0.00547448 0.00373345 0.00590171
0.00320446 0.00546661 0.00373697 0.00590402
0.00320562 0.00545922 0.00374327 0.00590809
0.00320152 0.00545287 0.00375187 0.00591446
0.00320187 0.00544928 0.00376799 0.00592304
0.00320338 0.00545032 0.00378286 0.00593272
0.00320656 0.00545234 0.00378664 0.00594427
0.00320717 0.00545405 0.00379239 0.00595463
0.00321675 0.00545429 0.00380517 0.00596542
0.00322294 0.00545745 0.00382589 0.00597318
0.00322575 0.00545981 0.00384344 0.00597774
0.00323061 0.00545590 0.00385644 0.00597968
0.00323346 0.00545198 0.00386896 0.00598427
0.00323332 0.00544987 0.00387913 0.00598946
0.00012580 0.00016378 0.00013667 0.00016155
