0.00027779 0.00027862 0.00023332 0.00023787
0.00035525 0.00035629 0.00029701 0.00030302
0.00041623 0.00041790 0.00034755 0.00035405
0.00046801 0.00047001 0.00038966 0.00039705
0.00051372 0.00051577 0.00042598 0.00043454
0.00055391 0.00055645 0.00045833 0.00046803
0.00059154 0.00059308 0.00048654 0.00049701
0.00062429 0.00062868 0.00051546 0.00052262
0.00065668 0.00065977 0.00053849 0.00054663
0.00068498 0.00068904 0.00056184 0.00056964
0.00071258 0.00071533 0.00058191 0.00058926
0.00073863 0.00074328 0.00060104 0.00060963
0.00076412 0.00076775 0.00062021 0.00063249
0.00078432 0.00078846 0.00064162 0.00064728
0.00080540 0.00081270 0.00065438 0.00066767
0.00082708 0.00083171 0.00066717 0.00067499
0.00085009 0.00085321 0.00068650 0.00069105
0.00087174 0.00086977 0.00069954 0.00069888
0.00088569 0.00089664 0.00070975 0.00071701
0.00090333 0.00091116 0.00072295 0.00073236
0.00091847 0.00092045 0.00073614 0.00074312
0.00093028 0.00093957 0.00075229 0.00077104
0.00095536 0.00095562 0.00075812 0.00077746
0.00096704 0.00097773 0.00077512 0.00078048
0.00098704 0.00099225 0.00078155 0.00078610
0.00099331 0.00100202 0.00079008 0.00080116
0.00100650 0.00102554 0.00080086 0.00081058
0.00102676 0.00103353 0.00081520 0.00082742
0.00103684 0.00103664 0.00081423 0.00083785
0.00104300 0.00104724 0.00082809 0.00083906
0.00106847 0.00105986 0.00083515 0.00084446
0.00107943 0.00106665 0.00084664 0.00085532
0.00107426 0.00109111 0.00085239 0.00085147
0.00109680 0.00109806 0.00086411 0.00086907
0.00111180 0.00112310 0.00088868 0.00087160
0.00111412 0.00111649 0.00087360 0.00088022
0.00112459 0.00112819 0.00089186 0.00088846
0.00112488 0.00115133 0.00088974 0.00090858
0.00113057 0.00115031 0.00089518 0.00088721
0.00115909 0.00117456 0.00089609 0.00091648
0.00116861 0.00116510 0.00091589 0.00090897
0.00118055 0.00117390 0.00092689 0.00091222
0.00116836 0.00118557 0.00091393 0.00093456
0.00120448 0.00120380 0.00093172 0.00091720
0.00117610 0.00119438 0.00093210 0.00091846
0.00121210 0.00118894 0.00091830 0.00095023
0.00122914 0.00121535 0.00094323 0.00095648
0.00122319 0.00120134 0.00096670 0.00093249
0.00122307 0.00121628 0.00095531 0.00091985
0.00122653 0.00124129 0.00095977 0.00093115
0.00124385 0.00124805 0.00098136 0.00095927
0.00125870 0.00128011 0.00095073 0.00095685
0.00127385 0.00127533 0.00096941 0.00095588
0.00127714 0.00127766 0.00096456 0.00095476
0.00129283 0.00126129 0.00098425 0.00095835
0.00126585 0.00128149 0.00096669 0.00098391
0.00128845 0.00129471 0.00101475 0.00098969
0.00129199 0.00129331 0.00100670 0.00098925
0.00130643 0.00131132 0.00099842 0.00097896
0.00130045 0.00128781 0.00098435 0.00100911
0.00133502 0.00129991 0.00101257 0.00103562
0.00134696 0.00134730 0.00103249 0.00102299
0.00133472 0.00132190 0.00099162 0.00099442
0.00131739 0.00135076 0.00102919 0.00103470
0.00135365 0.00136144 0.00101825 0.00101663
0.00135655 0.00137369 0.00101874 0.00098320
0.00132063 0.00135756 0.00102027 0.00102901
0.00134189 0.00135964 0.00104861 0.00099557
0.00133086 0.00136806 0.00102261 0.00103789
0.00137724 0.00134469 0.00103968 0.00100851
0.00137203 0.00140794 0.00105840 0.00100832
0.00132924 0.00141517 0.00105867 0.00100345
0.00137146 0.00138305 0.00103784 0.00108176
0.00136753 0.00139231 0.00105791 0.00105305
0.00137446 0.00140146 0.00106366 0.00103673
0.00135573 0.00142003 0.00105146 0.00101781
0.00142489 0.00137527 0.00109943 0.00106119
0.00140899 0.00141122 0.00103059 0.00105454
0.00136046 0.00145175 0.00110384 0.00108682
0.00140043 0.00143408 0.00105620 0.00102276
0.00139747 0.00143409 0.00107303 0.00103673
0.00142707 0.00148518 0.00104925 0.00108966
0.00138759 0.00144813 0.00106023 0.00104845
0.00135597 0.00147948 0.00108311 0.00105136
0.00141802 0.00148344 0.00113053 0.00107876
0.00143078 0.00143608 0.00110377 0.00105588
0.00142086 0.00148876 0.00109501 0.00107996
0.00142915 0.00149500 0.00109014 0.00111978
0.00145018 0.00150197 0.00112000 0.00104704
0.00143868 0.00149975 0.00109313 0.00109018
0.00146352 0.00148578 0.00111461 0.00108149
0.00147706 0.00148861 0.00111365 0.00104225
0.00144061 0.00151071 0.00106819 0.00109995
0.00149225 0.00147921 0.00105345 0.00112041
0.00144446 0.00150699 0.00110747 0.00107058
0.00146808 0.00151803 0.00111583 0.00107086
0.00145845 0.00154240 0.00113220 0.00109195
0.00151724 0.00148136 0.00115332 0.00110708
0.00146226 0.00153764 0.00111589 0.00108407
0.00148725 0.00154244 0.00106564 0.00107790
0.00147780 0.00156801 0.00111885 0.00110424
0.00143909 0.00156895 0.00109829 0.00108522
0.00152761 0.00151107 0.00110402 0.00106641
0.00149166 0.00150618 0.00116234 0.00112980
0.00148611 0.00152640 0.00116688 0.00107588
0.00157328 0.00155196 0.00119491 0.00109850
0.00155937 0.00153266 0.00110704 0.00111125
0.00145508 0.00155334 0.00117106 0.00110516
0.00147802 0.00161895 0.00112616 0.00114430
0.00153351 0.00158046 0.00110644 0.00109630
0.00150446 0.00149477 0.00110310 0.00109500
0.00152120 0.00154648 0.00118310 0.00106602
0.00156006 0.00159075 0.00115623 0.00108077
0.00151044 0.00158785 0.00113594 0.00112490
0.00154380 0.00154494 0.00114797 0.00112816
0.00152388 0.00154491 0.00116303 0.00108175
0.00149839 0.00161787 0.00113786 0.00110645
0.00155378 0.00159757 0.00115908 0.00109719
0.00154027 0.00154125 0.00115920 0.00111799
0.00158090 0.00160402 0.00118070 0.00113597
0.00152008 0.00163145 0.00110314 0.00111185
0.00153868 0.00159997 0.00117314 0.00114006
0.00154046 0.00165537 0.00113982 0.00117235
0.00153209 0.00157679 0.00118169 0.00115813
0.00147512 0.00161305 0.00118579 0.00112572
0.00151350 0.00162572 0.00116200 0.00109251
0.00150853 0.00160894 0.00123654 0.00113006
0.00160605 0.00160791 0.00118926 0.00115999
0.00158845 0.00152364 0.00112721 0.00112759
0.00158907 0.00161286 0.00117424 0.00116615
0.00150777 0.00162818 0.00113904 0.00106481
0.00169582 0.00159013 0.00123001 0.00114251
0.00147750 0.00159905 0.00119158 0.00114535
0.00161179 0.00163230 0.00113959 0.00115861
0.00157847 0.00161830 0.00122373 0.00121269
0.00162651 0.00165847 0.00116294 0.00101546
0.00157838 0.00167667 0.00121452 0.00110765
0.00159119 0.00163949 0.00126032 0.00117438
0.00154902 0.00159240 0.00120100 0.00119714
0.00160308 0.00158620 0.00118043 0.00115080
0.00159599 0.00171951 0.00119417 0.00117013
0.00162168 0.00165801 0.00116148 0.00110119
0.00156694 0.00159856 0.00114483 0.00115724
0.00160069 0.00167007 0.00117751 0.00110254
0.00156260 0.00160183 0.00124710 0.00115083
0.00165916 0.00169748 0.00117068 0.00123624
0.00157760 0.00160260 0.00121638 0.00122641
0.00156687 0.00162431 0.00119757 0.00106309
0.00160433 0.00168377 0.00116331 0.00111810
0.00151433 0.00165121 0.00121813 0.00113001
0.00165441 0.00169981 0.00121359 0.00114177
0.00159196 0.00162847 0.00123660 0.00119195
0.00153698 0.00158497 0.00111792 0.00119058
0.00165491 0.00165843 0.00123177 0.00123174
0.00153572 0.00169511 0.00129677 0.00109580
0.00150477 0.00164177 0.00117400 0.00111623
0.00156826 0.00155622 0.00120363 0.00112285
0.00158797 0.00157955 0.00114165 0.00114878
0.00165267 0.00167360 0.00123312 0.00117704
0.00152799 0.00176551 0.00121990 0.00116643
0.00160549 0.00173820 0.00115595 0.00121356
0.00158841 0.00169104 0.00124947 0.00124720
0.00158824 0.00161373 0.00125150 0.00113995
0.00165528 0.00164498 0.00118902 0.00114787
0.00170888 0.00171514 0.00117671 0.00114905
0.00158349 0.00167480 0.00116606 0.00111804
0.00164729 0.00163058 0.00119955 0.00114741
0.00165824 0.00166501 0.00125557 0.00119127
0.00157456 0.00167541 0.00118204 0.00119538
0.00156074 0.00160909 0.00120766 0.00120475
0.00170345 0.00165125 0.00123394 0.00114080
0.00163020 0.00177140 0.00119735 0.00117172
0.00153739 0.00163034 0.00121047 0.00117353
0.00156102 0.00157863 0.00119734 0.00113468
0.00157374 0.00159437 0.00120665 0.00118471
0.00152610 0.00165171 0.00131983 0.00119947
0.00160939 0.00167919 0.00129440 0.00120912
0.00166309 0.00171306 0.00117750 0.00114312
0.00171122 0.00186289 0.00127203 0.00120173
0.00164801 0.00182168 0.00127425 0.00118609
0.00170987 0.00167318 0.00117057 0.00115307
0.00172979 0.00153231 0.00120643 0.00112114
0.00164378 0.00157397 0.00121986 0.00115543
0.00156748 0.00164838 0.00118217 0.00111179
0.00156547 0.00177912 0.00107823 0.00118471
0.00161619 0.00165028 0.00122705 0.00116244
0.00169031 0.00173219 0.00129901 0.00123602
0.00170480 0.00172586 0.00117718 0.00122579
0.00168678 0.00179340 0.00113184 0.00126904
0.00160296 0.00165723 0.00126439 0.00121325
0.00157835 0.00166244 0.00133145 0.00110770
0.00168334 0.00175917 0.00117665 0.00113378
0.00166826 0.00171086 0.00124516 0.00115998
0.00157537 0.00165409 0.00125501 0.00116424
0.00147125 0.00159927 0.00125793 0.00114981
0.00157234 0.00172237 0.00111297 0.00115774
0.00166379 0.00168548 0.00123797 0.00118093
0.00165805 0.00162949 0.00130656 0.00121708
0.00162397 0.00165463 0.00133098 0.00120680
0.00163180 0.00179039 0.00116558 0.00131491
0.00167238 0.00173953 0.00121220 0.00125751
0.00159496 0.00172169 0.00125149 0.00123297
0.00159149 0.00170233 0.00134225 0.00114958
0.00164027 0.00169989 0.00121593 0.00118219
0.00173467 0.00160571 0.00123402 0.00116194
0.00175038 0.00145554 0.00127286 0.00111616
0.00165579 0.00153891 0.00126105 0.00107807
0.00156891 0.00171667 0.00116153 0.00113933
0.00162034 0.00190685 0.00118438 0.00122746
0.00171746 0.00192531 0.00126771 0.00123371
0.00171126 0.00180322 0.00130712 0.00127069
0.00163055 0.00176043 0.00129598 0.00122591
0.00149829 0.00172147 0.00115466 0.00126825
0.00149578 0.00167750 0.00116526 0.00123742
0.00157388 0.00159467 0.00117947 0.00126397
0.00157041 0.00155559 0.00124154 0.00123134
0.00161566 0.00153409 0.00119298 0.00120989
0.00162521 0.00162111 0.00123471 0.00122861
0.00153842 0.00170622 0.00132736 0.00122318
0.00162197 0.00167126 0.00130453 0.00117418
0.00162704 0.00166892 0.00127499 0.00110058
0.00162729 0.00161952 0.00116643 0.00106693
0.00161991 0.00161429 0.00119042 0.00114719
0.00159839 0.00160980 0.00128274 0.00116824
0.00154260 0.00157126 0.00132893 0.00119369
0.00156378 0.00161332 0.00126914 0.00119775
0.00158059 0.00175663 0.00115979 0.00122100
0.00158685 0.00175981 0.00116446 0.00122999
0.00156927 0.00180868 0.00120409 0.00133658
0.00165676 0.00170648 0.00128030 0.00133595
0.00172337 0.00159819 0.00126956 0.00132837
0.00172381 0.00165263 0.00116836 0.00126772
0.00164563 0.00170731 0.00120244 0.00122127
0.00164096 0.00181379 0.00128294 0.00123914
0.00165922 0.00185745 0.00136981 0.00121151
0.00179212 0.00169462 0.00138287 0.00115468
0.00189369 0.00161505 0.00131200 0.00106262
0.00180785 0.00160633 0.00113821 0.00106193
0.00168737 0.00169948 0.00111565 0.00108488
0.00158894 0.00184295 0.00117492 0.00121080
0.00150724 0.00189356 0.00126442 0.00117177
0.00153535 0.00173033 0.00134521 0.00121466
0.00162499 0.00166118 0.00129809 0.00121651
0.00175820 0.00157366 0.00114186 0.00123683
0.00182580 0.00149286 0.00117649 0.00124048
0.00173761 0.00157237 0.00117402 0.00132435
0.00167361 0.00171714 0.00122654 0.00131174
0.00159620 0.00172699 0.00132699 0.00124018
0.00155622 0.00164430 0.00135337 0.00124460
0.00164739 0.00160371 0.00126025 0.00124587
0.00170433 0.00155375 0.00118984 0.00116370
0.00171592 0.00162232 0.00123620 0.00117245
0.00164941 0.00180742 0.00130120 0.00122162
0.00166636 0.00187404 0.00139319 0.00124389
0.00165929 0.00185312 0.00139789 0.00121401
0.00167430 0.00183342 0.00126468 0.00119619
0.00166446 0.00171987 0.00122834 0.00120861
0.00160383 0.00163348 0.00118139 0.00124388
0.00159269 0.00158773 0.00120321 0.00127995
0.00160354 0.00160503 0.00124986 0.00132987
0.00151696 0.00174382 0.00133014 0.00119752
0.00152799 0.00173503 0.00132261 0.00109707
0.00169485 0.00175575 0.00123371 0.00109557
0.00183657 0.00167018 0.00125142 0.00113094
0.00183877 0.00168276 0.00128013 0.00122606
0.00178042 0.00166256 0.00121918 0.00123194
0.00166726 0.00168856 0.00120825 0.00131060
0.00168741 0.00174317 0.00125591 0.00128251
0.00168440 0.00168909 0.00125097 0.00131570
0.00162516 0.00158268 0.00112457 0.00127233
0.00162765 0.00155574 0.00112818 0.00121635
0.00169174 0.00151799 0.00116090 0.00116246
0.00177224 0.00148914 0.00121900 0.00109824
0.00177729 0.00148997 0.00121923 0.00113638
0.00178317 0.00155689 0.00129846 0.00118869
0.00172503 0.00163383 0.00138176 0.00118035
0.00168775 0.00166260 0.00138768 0.00122449
0.00164809 0.00169003 0.00123327 0.00124603
0.00157512 0.00163404 0.00122563 0.00126588
0.00160222 0.00166316 0.00124633 0.00130105
0.00162723 0.00174787 0.00130533 0.00135872
0.00166577 0.00169193 0.00127759 0.00138800
0.00171580 0.00178524 0.00127132 0.00133167
0.00177970 0.00183087 0.00132629 0.00122427
0.00179782 0.00179228 0.00131724 0.00115301
0.00183345 0.00170144 0.00117424 0.00112853
0.00183240 0.00164669 0.00119784 0.00112951
0.00181263 0.00163230 0.00126304 0.00116219
0.00168865 0.00159926 0.00136965 0.00124643
0.00163175 0.00159575 0.00137796 0.00125214
0.00157782 0.00159259 0.00130572 0.00136323
0.00157593 0.00161923 0.00133320 0.00136770
0.00155592 0.00167273 0.00133443 0.00131649
0.00163021 0.00171349 0.00119226 0.00130833
0.00168010 0.00170483 0.00117492 0.00126183
0.00171333 0.00169697 0.00117230 0.00119380
0.00176488 0.00170220 0.00120216 0.00116760
0.00175353 0.00177135 0.00128020 0.00113241
0.00163263 0.00174045 0.00137257 0.00107470
0.00155877 0.00179652 0.00144529 0.00113812
0.00153543 0.00184412 0.00145817 0.00109556
0.00155073 0.00179080 0.00150616 0.00109221
0.00159356 0.00184316 0.00136837 0.00113667
0.00162510 0.00177806 0.00131002 0.00118033
0.00165271 0.00167965 0.00124258 0.00123259
0.00169465 0.00160536 0.00120693 0.00128466
0.00176785 0.00157081 0.00122671 0.00134112
0.00185895 0.00154240 0.00128280 0.00135783
0.00190926 0.00152880 0.00137490 0.00137293
0.00187984 0.00157188 0.00140930 0.00128749
0.00174262 0.00163331 0.00140763 0.00119577
0.00171346 0.00163436 0.00128639 0.00118477
0.00164281 0.00159763 0.00124571 0.00113258
0.00162800 0.00157650 0.00119245 0.00110707
0.00165282 0.00154685 0.00118542 0.00111039
0.00169263 0.00158541 0.00119416 0.00115359
0.00171353 0.00165596 0.00126429 0.00122047
0.00173155 0.00167619 0.00132750 0.00127985
0.00176205 0.00173166 0.00136982 0.00126686
0.00171378 0.00175514 0.00142454 0.00130667
0.00177328 0.00177619 0.00141885 0.00128092
0.00182326 0.00180346 0.00131196 0.00133003
0.00182803 0.00181574 0.00125101 0.00134035
0.00170642 0.00179513 0.00125301 0.00136682
0.00161922 0.00165222 0.00121162 0.00132885
0.00154501 0.00157404 0.00117788 0.00123333
0.00150745 0.00151979 0.00119262 0.00111546
0.00148936 0.00152465 0.00118362 0.00111728
0.00152307 0.00149310 0.00121238 0.00111723
0.00164158 0.00149181 0.00127289 0.00106293
0.00162229 0.00154289 0.00135033 0.00101506
0.00169165 0.00164428 0.00141954 0.00094278
0.00170965 0.00173483 0.00135288 0.00090250
0.00176698 0.00174420 0.00132942 0.00091040
0.00184253 0.00176358 0.00125446 0.00093469
0.00189140 0.00174143 0.00125310 0.00098485
0.00185315 0.00168168 0.00119027 0.00104160
0.00184032 0.00161640 0.00116915 0.00109488
0.00179152 0.00157969 0.00116928 0.00115606
0.00170171 0.00159720 0.00118564 0.00123059
0.00169712 0.00159269 0.00121328 0.00127197
0.00168802 0.00157473 0.00124203 0.00127988
0.00169300 0.00160345 0.00130307 0.00127916
0.00162534 0.00167988 0.00138529 0.00128266
0.00166431 0.00180171 0.00133701 0.00127402
0.00160892 0.00178730 0.00136854 0.00126042
0.00161896 0.00177425 0.00130024 0.00125162
0.00159521 0.00179270 0.00122819 0.00125845
0.00158841 0.00169441 0.00122099 0.00125274
0.00166562 0.00167628 0.00125113 0.00126671
0.00170322 0.00167695 0.00128043 0.00125689
0.00165376 0.00160909 0.00129497 0.00127575
0.00162991 0.00158134 0.00130389 0.00128243
0.00164100 0.00148967 0.00130626 0.00126672
0.00168041 0.00142614 0.00131391 0.00125840
0.00168728 0.00145302 0.00133390 0.00124002
0.00171671 0.00155218 0.00134459 0.00122913
0.00172016 0.00159701 0.00139017 0.00127146
0.00171520 0.00165020 0.00139234 0.00125680
0.00167176 0.00170757 0.00137808 0.00119235
0.00161001 0.00178219 0.00130788 0.00114338
0.00159659 0.00177082 0.00123473 0.00109045
0.00161806 0.00172413 0.00119388 0.00106852
0.00160885 0.00168303 0.00120188 0.00110903
0.00166412 0.00169448 0.00120552 0.00110958
0.00167579 0.00168327 0.00120140 0.00112048
0.00165019 0.00166912 0.00121637 0.00114034
0.00158403 0.00158191 0.00124007 0.00107551
0.00160635 0.00160759 0.00122432 0.00109611
0.00169434 0.00174431 0.00119894 0.00107725
0.00171271 0.00168145 0.00126755 0.00105763
0.00175228 0.00165879 0.00134672 0.00106641
0.00176730 0.00166044 0.00140651 0.00109385
0.00178678 0.00162902 0.00146122 0.00110253
0.00179347 0.00164220 0.00145926 0.00114943
0.00176717 0.00166112 0.00139277 0.00112745
0.00179130 0.00167906 0.00131569 0.00107242
0.00172350 0.00170816 0.00127259 0.00106684
0.00167879 0.00169995 0.00131504 0.00105421
0.00164482 0.00161274 0.00133609 0.00108142
0.00153231 0.00152788 0.00136215 0.00111211
0.00152623 0.00145827 0.00136207 0.00108473
0.00152919 0.00138823 0.00135503 0.00103479
0.00155322 0.00133936 0.00137046 0.00110108
0.00155182 0.00146690 0.00131175 0.00114498
0.00148401 0.00146821 0.00132976 0.00119050
0.00149539 0.00149049 0.00135740 0.00123647
0.00150863 0.00147778 0.00137641 0.00125030
0.00148508 0.00150237 0.00139802 0.00129095
0.00150975 0.00149531 0.00140790 0.00130720
0.00152932 0.00155459 0.00136402 0.00128339
0.00160302 0.00162571 0.00131318 0.00121644
0.00160895 0.00165321 0.00123976 0.00117570
0.00166384 0.00166528 0.00126480 0.00119286
0.00173662 0.00166304 0.00125874 0.00123156
0.00178467 0.00165178 0.00129546 0.00124090
0.00177103 0.00162597 0.00132679 0.00125641
0.00174061 0.00162788 0.00133913 0.00122525
0.00168386 0.00159232 0.00131610 0.00118673
0.00165301 0.00169369 0.00124397 0.00121087
0.00161877 0.00169734 0.00118611 0.00120810
0.00168835 0.00168405 0.00116462 0.00119742
0.00165229 0.00163723 0.00119427 0.00118886
0.00159054 0.00165146 0.00124033 0.00114671
0.00149918 0.00164344 0.00130650 0.00109919
0.00148321 0.00161226 0.00135665 0.00110686
0.00147547 0.00156602 0.00135927 0.00113357
0.00151331 0.00155999 0.00134943 0.00116862
0.00156754 0.00155278 0.00134996 0.00117357
0.00165561 0.00150655 0.00129690 0.00121295
0.00170019 0.00140956 0.00124628 0.00123591
0.00174313 0.00136433 0.00128348 0.00121246
0.00178424 0.00140074 0.00130240 0.00123296
0.00176296 0.00148726 0.00129216 0.00124954
0.00174209 0.00155728 0.00128682 0.00122329
0.00176247 0.00159571 0.00132356 0.00123954
0.00181220 0.00166436 0.00128542 0.00126837
0.00179537 0.00166861 0.00126108 0.00124905
0.00181859 0.00168635 0.00123281 0.00124760
0.00182713 0.00171542 0.00126185 0.00122997
0.00177621 0.00173083 0.00132596 0.00119159
0.00173881 0.00174664 0.00135327 0.00120482
0.00169202 0.00170908 0.00139551 0.00120817
0.00165223 0.00174804 0.00142913 0.00118954
0.00153969 0.00177321 0.00148614 0.00117730
0.00142840 0.00178914 0.00147686 0.00115612
0.00138689 0.00179357 0.00147980 0.00112022
0.00134381 0.00172451 0.00143442 0.00113614
0.00134283 0.00160564 0.00140118 0.00114730
0.00134966 0.00146434 0.00133273 0.00115103
0.00141585 0.00143401 0.00127892 0.00112195
0.00148561 0.00140372 0.00130385 0.00113239
0.00153579 0.00135733 0.00130201 0.00116502
0.00158728 0.00133620 0.00130875 0.00116168
0.00162128 0.00139686 0.00123890 0.00112736
0.00164660 0.00141955 0.00125310 0.00112758
0.00168340 0.00144643 0.00125730 0.00116932
0.00171682 0.00144785 0.00124975 0.00116481
0.00173082 0.00149470 0.00124457 0.00113275
0.00177812 0.00152264 0.00128064 0.00111183
0.00181676 0.00154268 0.00134551 0.00107250
0.00179505 0.00160123 0.00139013 0.00106316
0.00186162 0.00165143 0.00139410 0.00102765
0.00189718 0.00163499 0.00140155 0.00101658
0.00185908 0.00160165 0.00143687 0.00105796
0.00185385 0.00165179 0.00147294 0.00105758
0.00184147 0.00173537 0.00149460 0.00105894
0.00179734 0.00172475 0.00152369 0.00112241
0.00173953 0.00162100 0.00150484 0.00116113
0.00160377 0.00158303 0.00149672 0.00117224
0.00155292 0.00157416 0.00145718 0.00119966
0.00155549 0.00156878 0.00138633 0.00120276
0.00155411 0.00160493 0.00135723 0.00117803
0.00157490 0.00164710 0.00131445 0.00122871
0.00157804 0.00165672 0.00134496 0.00122555
0.00154927 0.00167366 0.00136679 0.00120910
0.00152357 0.00169997 0.00133975 0.00118710
0.00150112 0.00167588 0.00128571 0.00117933
0.00152548 0.00159624 0.00126632 0.00115220
0.00158763 0.00155116 0.00125564 0.00112550
0.00166393 0.00150991 0.00125551 0.00111796
0.00174718 0.00149785 0.00127822 0.00113329
0.00177701 0.00152543 0.00130677 0.00111078
0.00180080 0.00157500 0.00135314 0.00110838
0.00179931 0.00156245 0.00138967 0.00109498
0.00178205 0.00157298 0.00140441 0.00111651
0.00174561 0.00163667 0.00144823 0.00112810
0.00175898 0.00170666 0.00148638 0.00111809
0.00178602 0.00173396 0.00151567 0.00110964
0.00177901 0.00170180 0.00152369 0.00108155
0.00181048 0.00167084 0.00152626 0.00106982
0.00185449 0.00160598 0.00150137 0.00103835
0.00190567 0.00156558 0.00147785 0.00102212
0.00199065 0.00150920 0.00146282 0.00099547
0.00201131 0.00147205 0.00141724 0.00103262
0.00201077 0.00146844 0.00131274 0.00106449
0.00196004 0.00145724 0.00129133 0.00110089
0.00186979 0.00148882 0.00125607 0.00110538
0.00172703 0.00155601 0.00122866 0.00112566
0.00157894 0.00161246 0.00121733 0.00113628
0.00146523 0.00167153 0.00122658 0.00113994
0.00138386 0.00167059 0.00118751 0.00117974
0.00134476 0.00162119 0.00113576 0.00124704
0.00135422 0.00156731 0.00114353 0.00126099
0.00138822 0.00159775 0.00116822 0.00127947
0.00142171 0.00160470 0.00120882 0.00127314
0.00145368 0.00157659 0.00123881 0.00125215
0.00145613 0.00156544 0.00127072 0.00122059
0.00145738 0.00156531 0.00129563 0.00119473
0.00153944 0.00155792 0.00132531 0.00114948
0.00158257 0.00157734 0.00133184 0.00109370
0.00162972 0.00162963 0.00133576 0.00109815
0.00167371 0.00167194 0.00133713 0.00110674
0.00174023 0.00176584 0.00133052 0.00111848
0.00182122 0.00185588 0.00137033 0.00111631
0.00185917 0.00186659 0.00140509 0.00110892
0.00185883 0.00185012 0.00143731 0.00109319
0.00184125 0.00181571 0.00144624 0.00108702
0.00186563 0.00177986 0.00145462 0.00109132
0.00196708 0.00179477 0.00143397 0.00113553
0.00199487 0.00172593 0.00138936 0.00111583
0.00206571 0.00164716 0.00132285 0.00108843
0.00213266 0.00161229 0.00130482 0.00104229
0.00215730 0.00159418 0.00131506 0.00102424
0.00212085 0.00163488 0.00129686 0.00101201
0.00205037 0.00168406 0.00129121 0.00098592
0.00196740 0.00169916 0.00126433 0.00097766
0.00189328 0.00169482 0.00126955 0.00096314
0.00180697 0.00167325 0.00127889 0.00094938
0.00171944 0.00164335 0.00129282 0.00095113
0.00167198 0.00162375 0.00129096 0.00098901
0.00166021 0.00162247 0.00127633 0.00101528
0.00167132 0.00163119 0.00129195 0.00103112
0.00167862 0.00162562 0.00132555 0.00099861
0.00161686 0.00162551 0.00136551 0.00099707
0.00155971 0.00164503 0.00139162 0.00103065
0.00155231 0.00166613 0.00138830 0.00105245
0.00154585 0.00167666 0.00139078 0.00105739
0.00151746 0.00163212 0.00142075 0.00109938
0.00149044 0.00159155 0.00145269 0.00116588
0.00148094 0.00163487 0.00147929 0.00117226
0.00150361 0.00171157 0.00150652 0.00114610
0.00153942 0.00170891 0.00151690 0.00114089
0.00157093 0.00167848 0.00152557 0.00112925
0.00163558 0.00168227 0.00155097 0.00112264
0.00176033 0.00172124 0.00159281 0.00118467
0.00183861 0.00171936 0.00160610 0.00118030
0.00190201 0.00166250 0.00160828 0.00115783
0.00192205 0.00162819 0.00157539 0.00113045
0.00194015 0.00165524 0.00157313 0.00111819
0.00195549 0.00161124 0.00151634 0.00112369
0.00200225 0.00157363 0.00148102 0.00116796
0.00200144 0.00154431 0.00143445 0.00122196
0.00198153 0.00153757 0.00140066 0.00125320
0.00200543 0.00152053 0.00136699 0.00128537
0.00203648 0.00150414 0.00134226 0.00133165
0.00204259 0.00149942 0.00131454 0.00138905
0.00205855 0.00149076 0.00129786 0.00140231
0.00201971 0.00145623 0.00128945 0.00137755
0.00191707 0.00141955 0.00131812 0.00131630
0.00185829 0.00139743 0.00134476 0.00128000
0.00183127 0.00138707 0.00134847 0.00122262
0.00179705 0.00137568 0.00132334 0.00115743
0.00177403 0.00138360 0.00132631 0.00109452
0.00174346 0.00139522 0.00138347 0.00104924
0.00170187 0.00144235 0.00140894 0.00103710
0.00165927 0.00148369 0.00142509 0.00105407
0.00159715 0.00149931 0.00144415 0.00106338
0.00156031 0.00152073 0.00145265 0.00104576
0.00152900 0.00157566 0.00146581 0.00105050
0.00150357 0.00161346 0.00147215 0.00105485
0.00147772 0.00165543 0.00148008 0.00101307
0.00143338 0.00169837 0.00146844 0.00099122
0.00140964 0.00172691 0.00144247 0.00098200
0.00146735 0.00174866 0.00143086 0.00101114
0.00146473 0.00175625 0.00140569 0.00100961
0.00146527 0.00174659 0.00143464 0.00100803
0.00147726 0.00176006 0.00144140 0.00102161
0.00149461 0.00179031 0.00146373 0.00102214
0.00152381 0.00180759 0.00147174 0.00103173
0.00155148 0.00180961 0.00150244 0.00103301
0.00159883 0.00181363 0.00150797 0.00104913
0.00164724 0.00180355 0.00150775 0.00108025
0.00167234 0.00178403 0.00142779 0.00109771
0.00171534 0.00182341 0.00135659 0.00107360
0.00174439 0.00190633 0.00132529 0.00104815
0.00175364 0.00195597 0.00130207 0.00104175
0.00179500 0.00198261 0.00128245 0.00104595
0.00180396 0.00196235 0.00125515 0.00102830
0.00180749 0.00191770 0.00126450 0.00103574
0.00181799 0.00185764 0.00128227 0.00104994
0.00183719 0.00177608 0.00130720 0.00105621
0.00187151 0.00165427 0.00131875 0.00104992
0.00188845 0.00157241 0.00132544 0.00103792
0.00191061 0.00151101 0.00133083 0.00105733
0.00194059 0.00146461 0.00139900 0.00108074
0.00194357 0.00145727 0.00148464 0.00111407
0.00191038 0.00146631 0.00155243 0.00115891
0.00186919 0.00148252 0.00158241 0.00119524
0.00183423 0.00148477 0.00158328 0.00121981
0.00180683 0.00147344 0.00159338 0.00123381
0.00175807 0.00145726 0.00159742 0.00127572
0.00171092 0.00146935 0.00158683 0.00130718
0.00167727 0.00148300 0.00160042 0.00131408
0.00165746 0.00152701 0.00158598 0.00127582
0.00162826 0.00154292 0.00155836 0.00125130
0.00162388 0.00157208 0.00155358 0.00123278
0.00173035 0.00152726 0.00158416 0.00127633
0.00171867 0.00153350 0.00156534 0.00124296
0.00169396 0.00156512 0.00155692 0.00120316
0.00167805 0.00159428 0.00153518 0.00119014
0.00168492 0.00159716 0.00154254 0.00117891
0.00169397 0.00158651 0.00153575 0.00118327
0.00169170 0.00156708 0.00157411 0.00117813
0.00166266 0.00155330 0.00158008 0.00116868
0.00162601 0.00156529 0.00159359 0.00116864
0.00159628 0.00161083 0.00161062 0.00114533
0.00156134 0.00157830 0.00163262 0.00110138
0.00151672 0.00152884 0.00162365 0.00109514
0.00148127 0.00151993 0.00160698 0.00110739
0.00146419 0.00153281 0.00157815 0.00114064
0.00145410 0.00153166 0.00150624 0.00111968
0.00147849 0.00151560 0.00142978 0.00110221
0.00148790 0.00148175 0.00139545 0.00106145
0.00146106 0.00145607 0.00138151 0.00106872
0.00143650 0.00146230 0.00138163 0.00106327
0.00143165 0.00142626 0.00139476 0.00103468
0.00147030 0.00140788 0.00139322 0.00102424
0.00151351 0.00138199 0.00138331 0.00102088
0.00155307 0.00134767 0.00138832 0.00101742
0.00155132 0.00131044 0.00139206 0.00100326
0.00158262 0.00128976 0.00142287 0.00100728
0.00163315 0.00127649 0.00146411 0.00102269
0.00169193 0.00126194 0.00149424 0.00102961
0.00173927 0.00128415 0.00150901 0.00104201
0.00180102 0.00131396 0.00152044 0.00105022
0.00185488 0.00136633 0.00154075 0.00103461
0.00189108 0.00141762 0.00158464 0.00102386
0.00193215 0.00145715 0.00160679 0.00102652
0.00196452 0.00148819 0.00161547 0.00103206
0.00194784 0.00153042 0.00159776 0.00102020
0.00185576 0.00156341 0.00159377 0.00099306
0.00174355 0.00158191 0.00160476 0.00097366
0.00170516 0.00158742 0.00162690 0.00098474
0.00179033 0.00157206 0.00165673 0.00105151
0.00175014 0.00155665 0.00163851 0.00105981
0.00172641 0.00156644 0.00161947 0.00105897
0.00174614 0.00156938 0.00158302 0.00104817
0.00175426 0.00157931 0.00156111 0.00105102
0.00175793 0.00158769 0.00154032 0.00107137
0.00173518 0.00160348 0.00154020 0.00108498
0.00173602 0.00162641 0.00154814 0.00108638
0.00174986 0.00164931 0.00153975 0.00111871
0.00173706 0.00165156 0.00156649 0.00115664
0.00168158 0.00165834 0.00155948 0.00119769
0.00165767 0.00167207 0.00157832 0.00123497
0.00163915 0.00170058 0.00160616 0.00125494
0.00160117 0.00173403 0.00162519 0.00125734
0.00154954 0.00175872 0.00162247 0.00128679
0.00150313 0.00176134 0.00159420 0.00129498
0.00147542 0.00176626 0.00156918 0.00129044
0.00146923 0.00177409 0.00150831 0.00127373
0.00146441 0.00176298 0.00145211 0.00127354
0.00146216 0.00174640 0.00140291 0.00127607
0.00144641 0.00172305 0.00131557 0.00128634
0.00144376 0.00173131 0.00126184 0.00129674
0.00141829 0.00173471 0.00125878 0.00131265
0.00139835 0.00173711 0.00126842 0.00131643
0.00138956 0.00173973 0.00125819 0.00131062
0.00136444 0.00173771 0.00124230 0.00131506
0.00133833 0.00172083 0.00124931 0.00131791
0.00130440 0.00172295 0.00127498 0.00129125
0.00126875 0.00171475 0.00131683 0.00124548
0.00124777 0.00169829 0.00137728 0.00118984
0.00124135 0.00169864 0.00141524 0.00116523
0.00125018 0.00167942 0.00141905 0.00119951
0.00129328 0.00165059 0.00143657 0.00121364
0.00135603 0.00162744 0.00144344 0.00121251
0.00142300 0.00161703 0.00145540 0.00119964
0.00149305 0.00161224 0.00145574 0.00117629
0.00155855 0.00161365 0.00144653 0.00115849
0.00156931 0.00161943 0.00147948 0.00111684
0.00158842 0.00164606 0.00148446 0.00107094
0.00163385 0.00166860 0.00150628 0.00103929
0.00166044 0.00164957 0.00154536 0.00101509
0.00174346 0.00167054 0.00157505 0.00105328
0.00172296 0.00166737 0.00160773 0.00102949
0.00174885 0.00164582 0.00160827 0.00103069
0.00179782 0.00163883 0.00155731 0.00104742
0.00183412 0.00165082 0.00155685 0.00104847
0.00188345 0.00165941 0.00155909 0.00102603
0.00191915 0.00164329 0.00155943 0.00104271
0.00189886 0.00161030 0.00154952 0.00103882
0.00186678 0.00158284 0.00152998 0.00103584
0.00182220 0.00155772 0.00150979 0.00102568
0.00177715 0.00153351 0.00150462 0.00103769
0.00176944 0.00152088 0.00149479 0.00101630
0.00175924 0.00153338 0.00148510 0.00098347
0.00172356 0.00158713 0.00147038 0.00095870
0.00168293 0.00162616 0.00144690 0.00095451
0.00164413 0.00163201 0.00145693 0.00094308
0.00163294 0.00164525 0.00146630 0.00092430
0.00163621 0.00165421 0.00148624 0.00091946
0.00162360 0.00164430 0.00150508 0.00091559
0.00161732 0.00163215 0.00151103 0.00091547
0.00161863 0.00160597 0.00152018 0.00091394
0.00162939 0.00158219 0.00152903 0.00090943
0.00161840 0.00155834 0.00149955 0.00092228
0.00161973 0.00155018 0.00147389 0.00092307
0.00162875 0.00155376 0.00146578 0.00095465
0.00161426 0.00153885 0.00141897 0.00097846
0.00160905 0.00152044 0.00139533 0.00100155
0.00160390 0.00150795 0.00139368 0.00102949
0.00162256 0.00150710 0.00134559 0.00103106
0.00162765 0.00149948 0.00126167 0.00104225
0.00161072 0.00148531 0.00122727 0.00106473
0.00159753 0.00145943 0.00123126 0.00109370
0.00156982 0.00142606 0.00125315 0.00111792
0.00155263 0.00143575 0.00127700 0.00114976
0.00153232 0.00145761 0.00131159 0.00116640
0.00152254 0.00146299 0.00134664 0.00118985
0.00151221 0.00147174 0.00141390 0.00116675
0.00149932 0.00146780 0.00143385 0.00118861
0.00148698 0.00143723 0.00146846 0.00120409
0.00147185 0.00140652 0.00147624 0.00120028
0.00147281 0.00140533 0.00149292 0.00116689
0.00148004 0.00141734 0.00150822 0.00114943
0.00150562 0.00140237 0.00153309 0.00113182
0.00154121 0.00139743 0.00155228 0.00110825
0.00156481 0.00139042 0.00153835 0.00110681
0.00159485 0.00139125 0.00148662 0.00108981
0.00160318 0.00139548 0.00147085 0.00109613
0.00156500 0.00140226 0.00147576 0.00110112
0.00162688 0.00144519 0.00144609 0.00116840
0.00161227 0.00144900 0.00147494 0.00119474
0.00160692 0.00144185 0.00147447 0.00121617
0.00159286 0.00144867 0.00148107 0.00120275
0.00158355 0.00147653 0.00146517 0.00121015
0.00157394 0.00148000 0.00150960 0.00118538
0.00156190 0.00148463 0.00154434 0.00116367
0.00154854 0.00148789 0.00158276 0.00116285
0.00153524 0.00151300 0.00159534 0.00115592
0.00153675 0.00154105 0.00160502 0.00116323
0.00156228 0.00155300 0.00156960 0.00117006
0.00159675 0.00155569 0.00151774 0.00114737
0.00163123 0.00154727 0.00151247 0.00112177
0.00164723 0.00154983 0.00151563 0.00112622
0.00166326 0.00157001 0.00155078 0.00114656
0.00168721 0.00159497 0.00157127 0.00117016
0.00174977 0.00163037 0.00157085 0.00118739
0.00181631 0.00163784 0.00157553 0.00120545
0.00186196 0.00162332 0.00154755 0.00121843
0.00188590 0.00160712 0.00153397 0.00125548
0.00189541 0.00160458 0.00155599 0.00128203
0.00191085 0.00159647 0.00157041 0.00128719
0.00187957 0.00158929 0.00158212 0.00124916
0.00183440 0.00158545 0.00159338 0.00121371
0.00182643 0.00160936 0.00157238 0.00122608
0.00178094 0.00163740 0.00154885 0.00124069
0.00170876 0.00165493 0.00154086 0.00124909
0.00164441 0.00166995 0.00150946 0.00123726
0.00161683 0.00165804 0.00148170 0.00119721
0.00157565 0.00162016 0.00148999 0.00119182
0.00153486 0.00160108 0.00149428 0.00119532
0.00151187 0.00158328 0.00150117 0.00120256
0.00148135 0.00157665 0.00153154 0.00122389
0.00146511 0.00155036 0.00155150 0.00122358
0.00146242 0.00151728 0.00156738 0.00120677
0.00147737 0.00147774 0.00156110 0.00121892
0.00146296 0.00144104 0.00154711 0.00124042
0.00145841 0.00141130 0.00155225 0.00126170
0.00142954 0.00139782 0.00151046 0.00126021
0.00143329 0.00138210 0.00147015 0.00124753
0.00143070 0.00140153 0.00147017 0.00120602
0.00143991 0.00142688 0.00148853 0.00116109
0.00142294 0.00144186 0.00150937 0.00115903
0.00140575 0.00145348 0.00151587 0.00115605
0.00141638 0.00146603 0.00152707 0.00114792
0.00142209 0.00146350 0.00153008 0.00111594
0.00139194 0.00144670 0.00153332 0.00109253
0.00134796 0.00139856 0.00155515 0.00106707
0.00131740 0.00137310 0.00158532 0.00102898
0.00128453 0.00135658 0.00159472 0.00100880
0.00128150 0.00133385 0.00159949 0.00097703
0.00126916 0.00132110 0.00158594 0.00095450
0.00128182 0.00130607 0.00156305 0.00094375
0.00130273 0.00130004 0.00155441 0.00094888
0.00132838 0.00127596 0.00155541 0.00096480
0.00147672 0.00134002 0.00138915 0.00107305
0.00153191 0.00134960 0.00141987 0.00110583
0.00156696 0.00135199 0.00144243 0.00111239
0.00156463 0.00134989 0.00148457 0.00112103
0.00152696 0.00134618 0.00152763 0.00114711
0.00148975 0.00132024 0.00154825 0.00117195
0.00148197 0.00132148 0.00154381 0.00119819
0.00145238 0.00133054 0.00152343 0.00122309
0.00141454 0.00134480 0.00151893 0.00122674
0.00136925 0.00135606 0.00151729 0.00124657
0.00134325 0.00134117 0.00153301 0.00126387
0.00134512 0.00132965 0.00154813 0.00126356
0.00134724 0.00131887 0.00154043 0.00126890
0.00133518 0.00134091 0.00153801 0.00127480
0.00132332 0.00136740 0.00151392 0.00125008
0.00132782 0.00137598 0.00150770 0.00122361
0.00134831 0.00134868 0.00152994 0.00118225
0.00136382 0.00131724 0.00155585 0.00116599
0.00138849 0.00129038 0.00158250 0.00115095
0.00141590 0.00128354 0.00159286 0.00115321
0.00144488 0.00129293 0.00159633 0.00117203
0.00146965 0.00130152 0.00154015 0.00116570
0.00149438 0.00132740 0.00150758 0.00118549
0.00151383 0.00135220 0.00153748 0.00119025
0.00151079 0.00137733 0.00155570 0.00116692
0.00149248 0.00140226 0.00156998 0.00114616
0.00148501 0.00143659 0.00158335 0.00114525
0.00146740 0.00145769 0.00159448 0.00114073
0.00144792 0.00146885 0.00159043 0.00112019
0.00141951 0.00148520 0.00157934 0.00110632
0.00138644 0.00151821 0.00153921 0.00108173
0.00134248 0.00153390 0.00150889 0.00105813
0.00131518 0.00154534 0.00148552 0.00106923
0.00129413 0.00155475 0.00145825 0.00108762
0.00129598 0.00153595 0.00141653 0.00108981
0.00131972 0.00152260 0.00138062 0.00111353
0.00135063 0.00150365 0.00135254 0.00112741
0.00137027 0.00148157 0.00133151 0.00113041
0.00136968 0.00145719 0.00133438 0.00110041
0.00131388 0.00143757 0.00135372 0.00108485
0.00126608 0.00141694 0.00139887 0.00106231
0.00121955 0.00141126 0.00145359 0.00105320
0.00121355 0.00142027 0.00147984 0.00104326
0.00122307 0.00142697 0.00148173 0.00104359
0.00122959 0.00142370 0.00148595 0.00103155
0.00121459 0.00139743 0.00149137 0.00103437
0.00120311 0.00138179 0.00150129 0.00103197
0.00120506 0.00137630 0.00153067 0.00102963
0.00121703 0.00137772 0.00157317 0.00103792
0.00122838 0.00139829 0.00161564 0.00104735
0.00125266 0.00143705 0.00165292 0.00105526
0.00129305 0.00147745 0.00163913 0.00106515
0.00133873 0.00151624 0.00160309 0.00108748
0.00137032 0.00152775 0.00156257 0.00109393
0.00137920 0.00152537 0.00154541 0.00111267
0.00139973 0.00153153 0.00154819 0.00113770
0.00142685 0.00154852 0.00154114 0.00115261
0.00144170 0.00158596 0.00153658 0.00120328
0.00144676 0.00162113 0.00153340 0.00124453
0.00144702 0.00165382 0.00153435 0.00126166
0.00140728 0.00169312 0.00150864 0.00127124
0.00136784 0.00173170 0.00148195 0.00128783
0.00131838 0.00177105 0.00149165 0.00131895
0.00127406 0.00179974 0.00152024 0.00136292
0.00134601 0.00196933 0.00125672 0.00150647
0.00133492 0.00199361 0.00124604 0.00152500
0.00133394 0.00200215 0.00125727 0.00153711
0.00133795 0.00202052 0.00125926 0.00154493
0.00136077 0.00204201 0.00126351 0.00156805
0.00137107 0.00206203 0.00127560 0.00159853
0.00136672 0.00207328 0.00128842 0.00163172
0.00136791 0.00207767 0.00130528 0.00166893
0.00137210 0.00206236 0.00132263 0.00165522
0.00135461 0.00207109 0.00136519 0.00162646
0.00132672 0.00207911 0.00140841 0.00163535
0.00127580 0.00208316 0.00140501 0.00165696
0.00125069 0.00206029 0.00140169 0.00166356
0.00124998 0.00203469 0.00140055 0.00165989
0.00125214 0.00201650 0.00141491 0.00165936
0.00126128 0.00202775 0.00142947 0.00163014
0.00127129 0.00204466 0.00145016 0.00161501
0.00126854 0.00204899 0.00147468 0.00160527
0.00126952 0.00203257 0.00148388 0.00159804
0.00124816 0.00201139 0.00148615 0.00158208
0.00124298 0.00201275 0.00145450 0.00155632
0.00124692 0.00200743 0.00144993 0.00152533
0.00124140 0.00198895 0.00146770 0.00148904
0.00121926 0.00196068 0.00146977 0.00148116
0.00121356 0.00190542 0.00146176 0.00146629
0.00121806 0.00185976 0.00146810 0.00144810
0.00124573 0.00180084 0.00144800 0.00144092
0.00127009 0.00174142 0.00145041 0.00143679
0.00129529 0.00172288 0.00145077 0.00141486
0.00132309 0.00172738 0.00143066 0.00138378
0.00136184 0.00171931 0.00144226 0.00134486
0.00139315 0.00169839 0.00148050 0.00134316
0.00141965 0.00166292 0.00151956 0.00136574
0.00144173 0.00159649 0.00154191 0.00139424
0.00146047 0.00153364 0.00156213 0.00140318
0.00148357 0.00149194 0.00158654 0.00138577
0.00150277 0.00148111 0.00157153 0.00138275
0.00150735 0.00146150 0.00157204 0.00136516
0.00151639 0.00142394 0.00160049 0.00135489
0.00152716 0.00139257 0.00161753 0.00134120
0.00153689 0.00137169 0.00161986 0.00134754
0.00153817 0.00136717 0.00162351 0.00136605
0.00153485 0.00137213 0.00161558 0.00137449
0.00151841 0.00137777 0.00159912 0.00137049
0.00151868 0.00138642 0.00157312 0.00136080
0.00152606 0.00139107 0.00155084 0.00132366
0.00152989 0.00140164 0.00152161 0.00130353
0.00154375 0.00138552 0.00150753 0.00127639
0.00155747 0.00137153 0.00150285 0.00123977
0.00156036 0.00136213 0.00150751 0.00120131
0.00156731 0.00135517 0.00151561 0.00117780
0.00157249 0.00134864 0.00151314 0.00116072
0.00158081 0.00132486 0.00151127 0.00112830
0.00159390 0.00129518 0.00149657 0.00109708
0.00161431 0.00126697 0.00149517 0.00108012
0.00161680 0.00124031 0.00150161 0.00106995
0.00160026 0.00121983 0.00149969 0.00106666
0.00159500 0.00120422 0.00152317 0.00108816
0.00159363 0.00119700 0.00158892 0.00108486
0.00160801 0.00118803 0.00166525 0.00106161
0.00160587 0.00117813 0.00172647 0.00104475
0.00161328 0.00117024 0.00177181 0.00103576
0.00161333 0.00115860 0.00180332 0.00103452
0.00162263 0.00115973 0.00182659 0.00101867
0.00160858 0.00114575 0.00185379 0.00100470
0.00157491 0.00113033 0.00185320 0.00100042
0.00152797 0.00112228 0.00185726 0.00099217
0.00148268 0.00113346 0.00186405 0.00098798
0.00145558 0.00114026 0.00186862 0.00100807
0.00143047 0.00113746 0.00182923 0.00103155
0.00139570 0.00113700 0.00178904 0.00102278
0.00134674 0.00114572 0.00172459 0.00102110
0.00132546 0.00112629 0.00167050 0.00100380
0.00131667 0.00111072 0.00163384 0.00096913
0.00131780 0.00109219 0.00161604 0.00094221
0.00131044 0.00107476 0.00161708 0.00091839
0.00139731 0.00113979 0.00130628 0.00100532
0.00140636 0.00114006 0.00134245 0.00099855
0.00139905 0.00113337 0.00138406 0.00097687
0.00139885 0.00113970 0.00140204 0.00095877
0.00140342 0.00114218 0.00140340 0.00095279
0.00141356 0.00115433 0.00140237 0.00095592
0.00144098 0.00116815 0.00139034 0.00095441
0.00147886 0.00117854 0.00135132 0.00095364
0.00150244 0.00118939 0.00132861 0.00095705
0.00153275 0.00120769 0.00132975 0.00097263
0.00156703 0.00124692 0.00133430 0.00098647
0.00160078 0.00128129 0.00133295 0.00099842
0.00163835 0.00131267 0.00132660 0.00100190
0.00165473 0.00132524 0.00132392 0.00100181
0.00168391 0.00133265 0.00133902 0.00100193
0.00173173 0.00133556 0.00133782 0.00101178
0.00175852 0.00132865 0.00133911 0.00100747
0.00177753 0.00133663 0.00133412 0.00099923
0.00176648 0.00136265 0.00135722 0.00099363
0.00176063 0.00137961 0.00137963 0.00098786
0.00175337 0.00139583 0.00139756 0.00097051
0.00176867 0.00138317 0.00142359 0.00095909
0.00178382 0.00137364 0.00145202 0.00095838
0.00177753 0.00138929 0.00146259 0.00097420
0.00173948 0.00140716 0.00146314 0.00099051
0.00171181 0.00142994 0.00147322 0.00101500
0.00169350 0.00145971 0.00149774 0.00103652
0.00169772 0.00148689 0.00151760 0.00106006
0.00169198 0.00150765 0.00152749 0.00107749
0.00168119 0.00151948 0.00152134 0.00109683
0.00168455 0.00150937 0.00151980 0.00110021
0.00168508 0.00150086 0.00151453 0.00111081
0.00170298 0.00148568 0.00152139 0.00112522
0.00173205 0.00147732 0.00153289 0.00111875
0.00175708 0.00147325 0.00153009 0.00111970
0.00178334 0.00147127 0.00154027 0.00112215
0.00179507 0.00147807 0.00154724 0.00113275
0.00178891 0.00149024 0.00156331 0.00113648
0.00176764 0.00149280 0.00157461 0.00114632
0.00176249 0.00149775 0.00156006 0.00114042
0.00177600 0.00150612 0.00156779 0.00115416
0.00175676 0.00150957 0.00158050 0.00117887
0.00170746 0.00150826 0.00159109 0.00120455
0.00165623 0.00150209 0.00159157 0.00121809
0.00159970 0.00151443 0.00160343 0.00122787
0.00155035 0.00150558 0.00160588 0.00124020
0.00151754 0.00149380 0.00159101 0.00124700
0.00148234 0.00151297 0.00159309 0.00126873
0.00145973 0.00153431 0.00158116 0.00128640
0.00142639 0.00155411 0.00157867 0.00131471
0.00140388 0.00156929 0.00159805 0.00134465
0.00139702 0.00157909 0.00161112 0.00136797
0.00140237 0.00157468 0.00162797 0.00138398
0.00139734 0.00159210 0.00164483 0.00138929
0.00140320 0.00159403 0.00163066 0.00141480
0.00139811 0.00158191 0.00161189 0.00146977
0.00140636 0.00156580 0.00157980 0.00152237
0.00140273 0.00156565 0.00152180 0.00157519
0.00139168 0.00155166 0.00149154 0.00160958
0.00139308 0.00154539 0.00148612 0.00162214
0.00139448 0.00156622 0.00149499 0.00162508
0.00138385 0.00161634 0.00151475 0.00163124
0.00136689 0.00165486 0.00152888 0.00163951
0.00134583 0.00168040 0.00152901 0.00164663
0.00132050 0.00166203 0.00150781 0.00166111
0.00129932 0.00162517 0.00148787 0.00166073
0.00128389 0.00161369 0.00147549 0.00165213
0.00127483 0.00160045 0.00146613 0.00162999
0.00125778 0.00160056 0.00147221 0.00160774
0.00123338 0.00159013 0.00148423 0.00159616
0.00121589 0.00156655 0.00150306 0.00156312
0.00119377 0.00154713 0.00155014 0.00152874
0.00118797 0.00152674 0.00159457 0.00148719
0.00118436 0.00150485 0.00163716 0.00143279
0.00117681 0.00149074 0.00167014 0.00140745
0.00116831 0.00147488 0.00168679 0.00140131
0.00117878 0.00145777 0.00169614 0.00140457
0.00120192 0.00144961 0.00172399 0.00140150
0.00121549 0.00144005 0.00173271 0.00141622
0.00123110 0.00144096 0.00174925 0.00143705
0.00125585 0.00145366 0.00177510 0.00144821
0.00127833 0.00146396 0.00180522 0.00143562
0.00129932 0.00146751 0.00183565 0.00140119
0.00131012 0.00146864 0.00185457 0.00136697
0.00130692 0.00147197 0.00188771 0.00134805
0.00130800 0.00147774 0.00192025 0.00133209
0.00130077 0.00148488 0.00193075 0.00131966
0.00131046 0.00149425 0.00192653 0.00130921
0.00131312 0.00150638 0.00193656 0.00128849
0.00132279 0.00151129 0.00193181 0.00128841
0.00132754 0.00151156 0.00194532 0.00129431
0.00016235 0.00016277 0.00013698 0.00013952
