0.00139795 0.00113573 0.00100898 0.00110881
0.00180467 0.00146599 0.00130235 0.00143127
0.00213495 0.00173412 0.00154038 0.00169298
0.00242082 0.00196618 0.00174646 0.00191958
0.00267629 0.00217335 0.00193043 0.00212189
0.00290842 0.00236177 0.00209730 0.00230560
0.00312533 0.00253755 0.00225404 0.00247768
0.00332556 0.00269998 0.00239760 0.00263589
0.00351597 0.00285413 0.00253453 0.00278641
0.00369559 0.00299964 0.00266343 0.00292848
0.00386781 0.00313947 0.00278772 0.00306480
0.00403381 0.00327390 0.00290711 0.00319672
0.00419105 0.00340112 0.00302001 0.00332027
0.00434305 0.00352396 0.00312890 0.00344075
0.00449213 0.00364510 0.00323676 0.00355985
0.00463430 0.00376014 0.00333840 0.00367200
0.00476933 0.00386929 0.00343441 0.00377696
0.00490406 0.00397800 0.00353131 0.00388419
0.00503608 0.00408512 0.00362695 0.00398924
0.00516354 0.00418774 0.00371709 0.00408944
0.00529011 0.00429050 0.00380979 0.00419096
0.00540706 0.00438382 0.00389170 0.00428079
0.00552634 0.00448077 0.00397741 0.00437485
0.00563868 0.00457174 0.00405679 0.00446259
0.00575212 0.00466346 0.00413770 0.00455310
0.00586548 0.00475430 0.00421957 0.00464150
0.00597707 0.00484618 0.00430093 0.00473147
0.00608670 0.00493487 0.00438037 0.00481977
0.00619519 0.00502161 0.00445785 0.00490435
0.00629718 0.00510318 0.00453081 0.00498551
0.00639509 0.00518252 0.00459879 0.00505898
0.00649699 0.00526585 0.00467329 0.00514225
0.00659535 0.00534328 0.00474081 0.00521846
0.00669608 0.00542765 0.00481771 0.00529905
0.00678890 0.00550107 0.00488314 0.00537459
0.00688954 0.00558249 0.00495435 0.00545176
0.00697742 0.00565327 0.00501684 0.00551906
0.00707097 0.00572674 0.00508383 0.00559537
0.00715139 0.00579360 0.00513798 0.00565286
0.00725665 0.00587826 0.00521658 0.00574283
0.00734650 0.00594796 0.00528099 0.00581122
0.00742195 0.00600570 0.00533052 0.00586487
0.00751884 0.00609203 0.00540141 0.00594816
0.00760199 0.00615306 0.00546189 0.00601112
0.00768470 0.00622558 0.00552074 0.00607749
0.00777645 0.00629766 0.00558883 0.00614966
0.00784651 0.00635548 0.00563374 0.00620102
0.00791897 0.00641158 0.00568500 0.00625519
0.00802334 0.00649592 0.00576572 0.00635003
0.00810649 0.00656442 0.00582001 0.00640483
0.00815935 0.00660369 0.00585295 0.00644548
0.00824499 0.00667222 0.00591512 0.00651385
0.00833494 0.00674901 0.00598681 0.00659185
0.00840138 0.00679609 0.00603300 0.00663831
0.00846833 0.00685009 0.00607166 0.00668658
0.00856765 0.00694010 0.00615423 0.00677031
0.00864044 0.00700082 0.00620645 0.00683232
0.00871644 0.00705608 0.00626005 0.00689153
0.00875905 0.00708697 0.00627358 0.00691856
0.00883977 0.00715237 0.00634234 0.00698145
0.00891953 0.00722103 0.00639910 0.00705323
0.00901095 0.00729294 0.00646617 0.00712250
0.00906603 0.00733353 0.00650096 0.00715687
0.00915495 0.00741297 0.00657092 0.00723853
0.00921383 0.00744682 0.00660869 0.00728176
0.00927214 0.00749633 0.00664650 0.00731805
0.00932503 0.00753854 0.00667944 0.00735902
0.00943377 0.00762796 0.00676460 0.00745090
0.00949337 0.00768941 0.00681804 0.00749642
0.00955602 0.00774505 0.00684897 0.00755850
0.00963173 0.00779636 0.00690013 0.00761132
0.00970827 0.00785381 0.00695835 0.00766135
0.00972728 0.00785253 0.00695873 0.00766742
0.00979648 0.00791299 0.00700852 0.00773107
0.00987507 0.00797760 0.00707286 0.00778955
0.00996003 0.00805177 0.00713029 0.00785984
0.01003330 0.00811804 0.00718752 0.00793381
0.01006227 0.00813474 0.00720188 0.00794578
0.01014660 0.00821323 0.00727266 0.00800853
0.01016991 0.00822439 0.00729524 0.00803629
0.01027247 0.00830353 0.00735157 0.00809792
0.01031108 0.00831455 0.00736602 0.00813008
0.01040108 0.00841248 0.00745296 0.00820253
0.01043834 0.00842652 0.00746121 0.00823845
0.01054160 0.00852560 0.00754297 0.00832268
0.01056637 0.00854636 0.00756997 0.00834627
0.01060038 0.00857131 0.00758249 0.00837098
0.01072462 0.00867867 0.00767960 0.00846231
0.01076194 0.00870062 0.00769874 0.00848842
0.01080990 0.00873001 0.00773892 0.00852384
0.01084655 0.00875315 0.00777081 0.00855805
0.01089215 0.00879927 0.00779020 0.00859395
0.01101520 0.00891020 0.00788086 0.00869307
0.01106957 0.00894356 0.00793413 0.00874136
0.01112266 0.00897730 0.00794669 0.00877563
0.01116056 0.00902622 0.00798577 0.00880544
0.01120691 0.00904557 0.00803910 0.00883392
0.01127312 0.00910215 0.00805575 0.00888059
0.01132116 0.00914526 0.00810108 0.00893363
0.01138549 0.00918880 0.00812902 0.00896647
0.01144316 0.00924239 0.00819279 0.00902326
0.01149133 0.00928001 0.00821104 0.00905478
0.01156120 0.00934829 0.00827654 0.00913054
0.01162701 0.00938208 0.00831614 0.00917308
0.01169226 0.00944172 0.00834466 0.00921512
0.01174101 0.00950542 0.00838997 0.00929006
0.01180815 0.00955506 0.00844514 0.00932374
0.01178002 0.00950528 0.00839496 0.00928018
0.01185663 0.00959056 0.00848889 0.00934599
0.01193973 0.00962471 0.00850943 0.00940911
0.01200213 0.00971554 0.00857823 0.00946311
0.01207496 0.00974980 0.00863624 0.00951311
0.01205775 0.00971954 0.00861247 0.00949385
0.01211142 0.00977517 0.00863430 0.00955558
0.01220690 0.00983589 0.00869765 0.00964064
0.01227222 0.00991925 0.00877697 0.00968345
0.01225440 0.00989099 0.00873633 0.00964049
0.01232661 0.00995526 0.00880874 0.00972791
0.01242992 0.01000288 0.00885311 0.00980961
0.01248736 0.01011539 0.00893764 0.00985098
0.01247980 0.01007002 0.00891405 0.00983782
0.01256623 0.01014780 0.00896325 0.00991812
0.01263957 0.01022532 0.00905969 0.00998077
0.01265702 0.01017430 0.00900732 0.00994577
0.01272468 0.01026454 0.00906362 0.01001704
0.01271693 0.01023615 0.00904788 0.00999122
0.01281558 0.01031563 0.00910100 0.01007057
0.01287787 0.01040349 0.00917474 0.01016302
0.01286434 0.01035686 0.00917145 0.01012899
0.01295248 0.01046998 0.00924419 0.01021683
0.01293363 0.01043154 0.00921831 0.01017280
0.01302506 0.01052415 0.00930256 0.01025548
0.01313197 0.01062982 0.00936149 0.01037355
0.01311484 0.01056934 0.00933038 0.01035490
0.01322797 0.01071067 0.00945217 0.01042351
0.01322438 0.01062357 0.00937939 0.01037215
0.01331389 0.01075581 0.00945585 0.01051585
0.01328334 0.01069679 0.00943936 0.01045850
0.01340106 0.01079326 0.00955065 0.01057008
0.01337908 0.01076345 0.00951663 0.01052033
0.01351810 0.01088402 0.00962851 0.01061493
0.01346237 0.01082773 0.00957531 0.01058637
0.01358034 0.01096693 0.00967535 0.01071528
0.01359889 0.01091114 0.00962780 0.01070481
0.01368864 0.01100388 0.00973683 0.01080352
0.01367563 0.01099976 0.00973086 0.01073299
0.01376868 0.01113747 0.00980073 0.01085366
0.01376442 0.01109699 0.00977524 0.01083954
0.01387733 0.01123010 0.00991154 0.01095337
0.01384696 0.01119813 0.00987432 0.01096290
0.01399564 0.01134471 0.00997354 0.01105763
0.01397271 0.01127118 0.00990389 0.01099852
0.01393945 0.01124093 0.00989774 0.01099174
0.01409087 0.01140965 0.01003423 0.01111554
0.01410158 0.01133577 0.00997762 0.01110352
0.01421692 0.01147477 0.01011930 0.01124857
0.01420533 0.01144541 0.01009462 0.01119312
0.01419073 0.01139622 0.01005885 0.01112733
0.01429544 0.01159042 0.01017589 0.01124901
0.01430740 0.01151715 0.01016007 0.01126750
0.01443753 0.01162717 0.01026704 0.01139982
0.01441820 0.01165001 0.01024799 0.01135432
0.01439148 0.01160631 0.01022805 0.01133223
0.01453056 0.01175887 0.01033466 0.01146825
0.01453806 0.01172104 0.01026150 0.01142766
0.01453762 0.01163697 0.01021295 0.01142134
0.01469905 0.01183194 0.01037375 0.01155916
0.01466976 0.01186647 0.01038350 0.01152749
0.01480898 0.01196639 0.01054067 0.01170682
0.01480603 0.01192010 0.01050079 0.01163588
0.01477644 0.01192312 0.01046161 0.01162104
0.01493481 0.01208885 0.01064266 0.01181980
0.01492464 0.01205804 0.01059192 0.01171584
0.01487610 0.01201887 0.01053748 0.01165129
0.01500217 0.01215719 0.01071744 0.01184390
0.01503839 0.01210519 0.01068030 0.01183126
0.01502397 0.01211564 0.01064445 0.01180849
0.01498267 0.01209534 0.01062000 0.01182384
0.01515644 0.01225212 0.01077028 0.01198053
0.01515395 0.01219045 0.01072938 0.01192651
0.01510365 0.01216475 0.01069057 0.01190374
0.01528199 0.01234174 0.01086455 0.01209824
0.01532771 0.01231407 0.01082346 0.01204974
0.01532847 0.01231313 0.01080174 0.01199905
0.01547931 0.01250179 0.01100501 0.01220838
0.01545790 0.01247362 0.01095348 0.01215539
0.01543790 0.01240719 0.01090450 0.01213654
0.01544587 0.01236843 0.01088886 0.01213937
0.01564080 0.01256601 0.01109807 0.01233580
0.01562760 0.01259365 0.01105543 0.01224404
0.01559048 0.01256877 0.01101208 0.01219535
0.01573905 0.01270780 0.01117006 0.01245332
0.01575609 0.01265135 0.01113792 0.01243714
0.01572427 0.01263843 0.01113138 0.01234039
0.01567020 0.01263119 0.01113395 0.01227979
0.01586183 0.01285924 0.01129011 0.01255252
0.01592035 0.01284336 0.01123043 0.01253992
0.01593661 0.01281770 0.01122020 0.01252013
0.01589091 0.01278241 0.01121533 0.01244974
0.01603238 0.01294493 0.01141693 0.01267778
0.01601954 0.01290852 0.01138148 0.01264407
0.01605644 0.01294073 0.01133959 0.01263823
0.01607986 0.01296692 0.01130694 0.01259615
0.01624718 0.01316886 0.01148736 0.01280605
0.01622533 0.01305925 0.01150908 0.01274978
0.01623014 0.01301247 0.01148452 0.01273479
0.01620174 0.01299874 0.01142457 0.01270426
0.01637501 0.01325374 0.01159470 0.01296634
0.01633245 0.01322933 0.01157649 0.01291955
0.01634197 0.01319122 0.01155016 0.01285389
0.01634078 0.01319287 0.01155704 0.01282698
0.01634903 0.01318041 0.01156597 0.01282674
0.01655651 0.01338568 0.01179297 0.01309309
0.01656481 0.01331076 0.01173145 0.01302486
0.01656570 0.01326631 0.01164955 0.01296668
0.01653136 0.01324862 0.01159359 0.01289697
0.01674810 0.01354734 0.01182684 0.01315051
0.01669373 0.01352618 0.01187509 0.01317956
0.01667846 0.01349156 0.01187993 0.01316580
0.01669470 0.01341635 0.01178924 0.01316128
0.01670238 0.01339214 0.01171870 0.01313177
0.01693272 0.01367876 0.01192848 0.01339754
0.01690424 0.01362922 0.01191940 0.01338296
0.01689804 0.01358110 0.01193881 0.01329375
0.01689145 0.01356194 0.01194510 0.01323392
0.01690254 0.01353987 0.01194811 0.01319614
0.01714993 0.01383015 0.01218809 0.01348575
0.01708270 0.01380954 0.01214088 0.01345931
0.01706768 0.01379910 0.01206684 0.01341786
0.01705832 0.01377337 0.01202194 0.01337687
0.01704364 0.01372631 0.01200011 0.01333442
0.01735796 0.01398425 0.01222343 0.01362168
0.01738840 0.01392905 0.01222245 0.01364558
0.01736128 0.01387066 0.01221566 0.01365323
0.01731337 0.01385841 0.01217587 0.01364026
0.01724588 0.01388097 0.01216899 0.01363361
0.01719920 0.01391127 0.01217440 0.01360972
0.01746877 0.01422874 0.01245167 0.01390710
0.01748498 0.01419281 0.01247080 0.01380176
0.01751255 0.01412108 0.01245885 0.01372909
0.01750679 0.01407355 0.01241154 0.01366819
0.01749297 0.01399291 0.01233986 0.01360903
0.01747189 0.01396299 0.01226973 0.01359478
0.01773118 0.01429493 0.01250198 0.01392174
0.01769857 0.01430988 0.01247513 0.01390503
0.01767795 0.01431212 0.01248357 0.01387605
0.01769021 0.01429390 0.01247608 0.01384394
0.01770199 0.01427852 0.01244560 0.01382900
0.01769689 0.01420622 0.01240776 0.01382278
0.01798912 0.01446266 0.01264745 0.01416516
0.01799050 0.01437471 0.01260929 0.01416167
0.01800261 0.01431403 0.01256560 0.01412223
0.01800668 0.01427825 0.01250603 0.01408186
0.01800167 0.01428228 0.01247981 0.01402107
0.01799335 0.01431709 0.01247281 0.01396213
0.01827115 0.01469065 0.01277360 0.01431534
0.01820136 0.01466318 0.01281228 0.01427163
0.01813141 0.01460089 0.01286720 0.01422399
0.01810599 0.01456435 0.01288273 0.01416012
0.01808081 0.01454413 0.01285126 0.01413063
0.01805421 0.01450921 0.01280176 0.01412476
0.01804978 0.01449351 0.01273851 0.01412816
0.01839550 0.01486457 0.01299593 0.01452447
0.01840851 0.01481480 0.01295926 0.01453837
0.01840826 0.01474959 0.01293913 0.01449335
0.01840960 0.01467662 0.01292082 0.01442183
0.01837325 0.01463224 0.01289689 0.01437687
0.01832716 0.01463571 0.01286736 0.01433896
0.01828772 0.01464174 0.01286324 0.01433912
0.01860483 0.01507980 0.01317430 0.01473885
0.01860618 0.01504951 0.01318717 0.01475563
0.01860048 0.01498262 0.01316856 0.01474979
0.01860454 0.01491272 0.01316256 0.01469903
0.01862235 0.01486890 0.01312607 0.01462630
0.01859182 0.01486162 0.01308184 0.01452909
0.01854207 0.01485321 0.01304658 0.01443426
0.01849334 0.01483306 0.01299558 0.01440830
0.01882391 0.01525703 0.01325360 0.01481930
0.01881816 0.01524130 0.01318131 0.01481786
0.01879941 0.01519338 0.01314195 0.01480740
0.01879963 0.01514922 0.01313628 0.01476534
0.01880808 0.01512543 0.01313895 0.01472004
0.01882079 0.01509027 0.01316921 0.01469691
0.01877320 0.01509157 0.01318357 0.01466413
0.01873471 0.01512133 0.01319540 0.01465221
0.01906921 0.01558906 0.01356402 0.01508873
0.01909054 0.01558715 0.01360815 0.01511314
0.01909619 0.01552001 0.01359774 0.01512269
0.01911321 0.01542741 0.01356915 0.01510648
0.01913061 0.01531271 0.01349988 0.01507582
0.01912067 0.01521606 0.01344440 0.01502255
0.01909312 0.01516007 0.01341319 0.01493241
0.01906509 0.01514740 0.01336330 0.01488567
0.01939353 0.01563423 0.01365516 0.01530012
0.01938735 0.01568317 0.01362710 0.01529974
0.01941228 0.01572029 0.01364553 0.01527131
0.01941718 0.01574136 0.01369299 0.01523803
0.01943248 0.01572939 0.01375100 0.01517525
0.01944634 0.01568723 0.01376446 0.01514079
0.01942682 0.01561339 0.01372410 0.01512073
0.01937275 0.01553850 0.01366664 0.01507017
0.01933654 0.01547281 0.01362395 0.01503796
0.01968868 0.01592513 0.01394092 0.01548735
0.01964859 0.01589727 0.01387983 0.01553953
0.01964521 0.01590053 0.01384272 0.01559258
0.01964406 0.01591462 0.01379554 0.01562508
0.01964620 0.01591907 0.01376509 0.01560853
0.01968167 0.01590348 0.01374380 0.01558566
0.01971039 0.01586028 0.01369798 0.01555135
0.01969274 0.01580626 0.01364223 0.01551411
0.01965540 0.01574959 0.01361315 0.01545974
0.02001816 0.01622073 0.01398150 0.01589703
0.02000145 0.01619451 0.01399091 0.01588835
0.01997407 0.01615655 0.01401254 0.01589588
0.01998099 0.01610402 0.01402480 0.01586589
0.01997839 0.01607325 0.01401615 0.01582029
0.02000111 0.01606606 0.01400748 0.01577215
0.02001751 0.01606666 0.01396768 0.01569855
0.02003158 0.01603732 0.01395416 0.01562693
0.02003665 0.01596672 0.01392817 0.01556433
0.02000592 0.01590159 0.01386611 0.01549989
0.02037183 0.01637935 0.01421021 0.01591834
0.02030871 0.01631961 0.01415295 0.01592509
0.02022647 0.01628242 0.01412285 0.01595349
0.02017367 0.01623922 0.01410380 0.01597844
0.02017779 0.01621542 0.01410109 0.01600689
0.02017766 0.01620922 0.01409786 0.01602108
0.02023566 0.01620309 0.01407557 0.01599047
0.02030823 0.01619210 0.01402013 0.01594228
0.02038322 0.01617416 0.01396937 0.01590544
0.02043403 0.01615635 0.01393959 0.01584683
0.02045837 0.01611789 0.01394480 0.01580456
0.02089958 0.01665967 0.01439915 0.01626196
0.02087732 0.01662206 0.01445850 0.01626438
0.02083556 0.01659692 0.01451543 0.01626138
0.02076230 0.01655923 0.01456198 0.01625933
0.02069496 0.01652655 0.01459280 0.01626711
0.02063431 0.01648426 0.01462937 0.01628206
0.02061425 0.01644234 0.01465764 0.01626800
0.02062547 0.01643235 0.01464521 0.01622363
0.02062876 0.01643013 0.01459079 0.01615949
0.02061603 0.01644392 0.01452859 0.01611969
0.02060881 0.01646647 0.01444054 0.01608254
0.02060436 0.01646534 0.01435978 0.01606898
0.02104775 0.01704317 0.01473011 0.01658588
0.02100416 0.01700714 0.01465780 0.01656156
0.02092880 0.01695529 0.01459930 0.01651395
0.02087354 0.01689904 0.01453488 0.01645721
0.02079740 0.01684753 0.01450900 0.01642913
0.02072756 0.01678539 0.01450396 0.01642334
0.02069556 0.01671580 0.01451295 0.01641843
0.02069622 0.01664815 0.01449613 0.01640054
0.02075283 0.01661587 0.01449826 0.01637989
0.02080820 0.01660505 0.01451731 0.01636319
0.02084266 0.01658641 0.01454234 0.01635379
0.02089106 0.01658893 0.01456277 0.01634826
0.02140812 0.01721423 0.01503204 0.01691218
0.02146892 0.01720338 0.01503400 0.01692392
0.02150033 0.01718885 0.01502852 0.01692247
0.02148101 0.01717555 0.01499561 0.01693259
0.02143085 0.01716787 0.01496862 0.01692372
0.02137098 0.01714622 0.01493334 0.01691690
0.02131101 0.01710869 0.01489308 0.01689224
0.02128092 0.01706508 0.01485244 0.01685624
0.02127944 0.01702224 0.01479513 0.01679637
0.02127542 0.01698580 0.01472942 0.01673102
0.02127727 0.01695769 0.01467162 0.01666530
0.02128750 0.01693047 0.01463010 0.01659563
0.02128612 0.01689786 0.01462544 0.01655691
0.02179154 0.01753657 0.01509796 0.01709776
0.02181955 0.01754543 0.01507358 0.01712848
0.02183777 0.01754431 0.01505958 0.01716036
0.02184926 0.01751763 0.01506628 0.01716851
0.02182581 0.01746892 0.01508181 0.01720031
0.02180374 0.01742566 0.01508738 0.01722068
0.02176502 0.01738653 0.01510988 0.01721186
0.02172710 0.01734610 0.01512955 0.01720423
0.02170330 0.01733148 0.01515897 0.01716715
0.02166837 0.01731872 0.01514357 0.01710048
0.02164342 0.01730590 0.01511796 0.01701383
0.02163000 0.01729557 0.01510260 0.01692351
0.02162214 0.01728238 0.01507998 0.01684055
0.02161826 0.01727583 0.01505918 0.01678566
0.02159256 0.01725619 0.01502796 0.01675718
0.02209776 0.01795309 0.01552923 0.01734881
0.02210151 0.01795139 0.01551786 0.01735233
0.02210592 0.01794063 0.01550045 0.01738412
0.02210975 0.01793518 0.01548536 0.01738918
0.02209863 0.01791079 0.01546719 0.01740677
0.02207217 0.01785403 0.01544908 0.01742814
0.02205604 0.01780072 0.01543149 0.01745002
0.02201855 0.01773573 0.01539185 0.01747312
0.02201071 0.01765754 0.01534383 0.01747112
0.02204521 0.01758898 0.01528512 0.01742551
0.02206108 0.01754524 0.01522091 0.01737290
0.02205455 0.01749977 0.01518877 0.01731894
0.02202591 0.01747121 0.01517520 0.01723211
0.02201457 0.01745548 0.01516169 0.01712265
0.02202921 0.01743508 0.01516267 0.01702753
0.02259746 0.01816152 0.01567686 0.01756478
0.02258211 0.01816962 0.01568359 0.01753989
0.02257443 0.01820173 0.01569399 0.01752254
0.02259286 0.01821216 0.01571593 0.01751418
0.02260452 0.01823649 0.01574234 0.01753755
0.02260794 0.01826912 0.01576967 0.01756440
0.02261210 0.01826541 0.01580343 0.01758657
0.02259942 0.01823059 0.01583388 0.01760800
0.02256003 0.01817254 0.01585048 0.01763526
0.02249466 0.01810693 0.01587605 0.01765880
0.02245747 0.01803352 0.01591822 0.01769771
0.02246124 0.01795513 0.01592651 0.01772836
0.02245944 0.01789989 0.01592425 0.01773975
0.02244002 0.01786076 0.01591267 0.01772286
0.02239173 0.01779234 0.01588561 0.01769375
0.02234943 0.01771280 0.01583426 0.01766450
0.02232511 0.01764281 0.01577806 0.01763787
0.02291222 0.01838432 0.01630144 0.01830028
0.02293166 0.01838345 0.01624001 0.01827163
0.02293485 0.01838613 0.01617786 0.01824537
0.02294771 0.01838724 0.01610122 0.01821000
0.02297341 0.01840958 0.01602192 0.01815367
0.02297591 0.01842070 0.01594143 0.01811795
0.02298167 0.01843349 0.01588530 0.01808300
0.02299437 0.01844826 0.01583839 0.01804142
0.02297435 0.01845330 0.01578231 0.01801619
0.02294398 0.01843545 0.01570918 0.01798517
0.02291228 0.01839775 0.01564166 0.01794525
0.02287711 0.01836604 0.01556703 0.01790771
0.02285727 0.01833217 0.01549559 0.01787427
0.02285042 0.01828128 0.01545122 0.01784942
0.02285117 0.01822808 0.01542902 0.01781659
0.02283798 0.01816289 0.01541599 0.01778241
0.02281209 0.01809466 0.01541810 0.01776345
0.02281075 0.01801770 0.01542395 0.01775696
0.02342469 0.01876750 0.01601956 0.01848227
0.02341945 0.01871571 0.01608770 0.01852896
0.02341961 0.01868005 0.01615105 0.01857042
0.02344039 0.01865089 0.01621308 0.01860236
0.02344081 0.01861688 0.01624587 0.01863997
0.02345845 0.01858314 0.01623562 0.01868807
0.02347771 0.01857660 0.01621513 0.01869739
0.02348069 0.01857999 0.01620991 0.01870217
0.02346301 0.01857723 0.01621664 0.01869230
0.02345206 0.01859058 0.01623693 0.01864804
0.02344331 0.01860438 0.01626370 0.01861296
0.02341859 0.01860780 0.01627848 0.01856115
0.02342756 0.01861427 0.01628605 0.01846806
0.02341709 0.01860075 0.01627106 0.01837029
0.02340319 0.01858790 0.01624516 0.01829353
0.02338776 0.01857276 0.01620154 0.01821507
0.02336351 0.01854687 0.01615624 0.01814310
0.02335148 0.01850918 0.01610626 0.01806771
0.02335908 0.01846517 0.01605523 0.01800515
0.02400061 0.01931830 0.01659499 0.01863481
0.02397944 0.01927478 0.01654538 0.01863204
0.02395338 0.01922167 0.01649073 0.01865374
0.02392865 0.01917734 0.01643724 0.01868696
0.02391166 0.01915384 0.01639173 0.01875514
0.02390774 0.01913361 0.01634501 0.01882416
0.02391197 0.01910934 0.01631301 0.01889014
0.02389460 0.01908009 0.01629319 0.01895338
0.02388657 0.01903850 0.01628905 0.01900817
0.02390026 0.01900497 0.01628001 0.01904096
0.02392277 0.01896788 0.01626617 0.01907731
0.02393741 0.01893398 0.01625403 0.01911404
0.02394177 0.01890317 0.01624466 0.01915644
0.02390823 0.01888164 0.01624422 0.01918319
0.02387953 0.01887116 0.01627132 0.01918845
0.02386314 0.01886724 0.01626807 0.01917756
0.02384300 0.01887657 0.01626656 0.01915528
0.02381102 0.01887655 0.01627187 0.01912119
0.02377779 0.01887348 0.01627618 0.01907689
0.02373341 0.01887264 0.01627221 0.01901053
0.02370189 0.01885976 0.01627423 0.01892364
0.02369354 0.01883711 0.01627465 0.01883579
0.02437617 0.01976537 0.01690088 0.01950936
0.02442011 0.01974176 0.01691880 0.01943348
0.02445160 0.01972790 0.01694833 0.01935939
0.02448404 0.01970132 0.01697179 0.01929372
0.02452376 0.01966538 0.01697691 0.01924627
0.02455388 0.01964271 0.01697609 0.01922178
0.02458640 0.01962991 0.01696646 0.01919427
0.02462707 0.01961076 0.01693491 0.01915858
0.02466940 0.01958213 0.01691256 0.01914627
0.02468122 0.01956090 0.01689594 0.01914813
0.02468133 0.01953427 0.01688516 0.01917433
0.02468061 0.01951579 0.01687760 0.01920349
0.02468522 0.01949299 0.01687079 0.01922727
0.02469099 0.01946777 0.01687365 0.01924631
0.02468134 0.01945131 0.01685920 0.01926616
0.02467961 0.01944246 0.01683521 0.01927631
0.02469821 0.01943022 0.01680663 0.01926547
0.02471534 0.01940768 0.01676801 0.01924780
0.02474038 0.01940288 0.01673450 0.01921396
0.02474574 0.01941082 0.01670694 0.01919688
0.02474327 0.01940992 0.01667740 0.01916160
0.02475477 0.01939285 0.01665665 0.01911511
0.02477763 0.01934756 0.01664904 0.01908069
0.02480016 0.01929554 0.01664216 0.01904266
0.02556078 0.02028052 0.01729435 0.01980323
0.02558178 0.02023665 0.01732043 0.01979405
0.02559584 0.02019876 0.01734183 0.01978722
0.02560666 0.02016748 0.01735948 0.01978463
0.02561263 0.02014305 0.01737572 0.01978325
0.02561025 0.02012892 0.01738291 0.01976666
0.02560499 0.02010923 0.01739887 0.01976675
0.02561038 0.02008133 0.01741673 0.01975796
0.02559848 0.02005570 0.01741701 0.01974657
0.02558106 0.02004904 0.01740639 0.01973323
0.02555871 0.02005434 0.01739038 0.01970290
0.02551698 0.02006055 0.01736767 0.01966823
0.02544172 0.02006015 0.01734264 0.01966121
0.02535596 0.02004765 0.01732306 0.01966814
0.02526271 0.02003621 0.01730914 0.01965690
0.02518740 0.02001257 0.01730439 0.01964391
0.02509673 0.01997088 0.01729739 0.01964218
0.02502288 0.01994092 0.01729677 0.01962414
0.02496582 0.01992417 0.01728624 0.01958495
0.02490118 0.01992339 0.01725359 0.01956622
0.02483886 0.01992453 0.01721682 0.01954848
0.02480279 0.01993426 0.01717496 0.01952910
0.02476829 0.01994643 0.01712593 0.01950022
0.02472942 0.01997444 0.01708696 0.01947179
0.02471003 0.01998264 0.01704671 0.01944269
0.02471242 0.01998573 0.01699462 0.01940448
0.02544022 0.02111597 0.01762073 0.02022189
0.02546697 0.02110901 0.01757875 0.02020511
0.02550305 0.02108993 0.01754825 0.02022212
0.02554885 0.02108002 0.01754512 0.02023484
0.02560057 0.02106050 0.01754925 0.02022958
0.02562969 0.02103133 0.01755257 0.02022625
0.02566563 0.02098411 0.01755260 0.02020192
0.02570946 0.02092781 0.01755083 0.02017315
0.02574484 0.02087854 0.01755675 0.02015803
0.02577413 0.02082785 0.01755070 0.02016063
0.02579847 0.02077605 0.01753603 0.02018617
0.02583122 0.02072146 0.01753097 0.02021705
0.02585494 0.02066328 0.01752414 0.02025390
0.02587787 0.02062543 0.01751062 0.02026834
0.02589639 0.02059807 0.01749935 0.02028356
0.02591646 0.02056413 0.01750698 0.02029329
0.02592287 0.02052323 0.01750672 0.02030648
0.02593257 0.02048246 0.01750127 0.02031665
0.02593343 0.02045662 0.01750092 0.02032163
0.02592232 0.02042828 0.01749824 0.02031538
0.02591455 0.02040092 0.01750768 0.02029438
0.02590672 0.02036531 0.01750444 0.02025261
0.02589961 0.02034514 0.01748854 0.02021133
0.02586661 0.02033923 0.01747421 0.02016488
0.02582110 0.02033869 0.01745381 0.02011755
0.02576607 0.02034278 0.01743290 0.02004742
0.02570149 0.02035825 0.01741488 0.01997478
0.02562701 0.02037783 0.01740105 0.01991847
0.02555873 0.02038276 0.01738987 0.01988664
0.02627010 0.02161279 0.01810248 0.02079861
0.02625708 0.02163947 0.01809431 0.02080443
0.02625261 0.02166779 0.01806897 0.02079908
0.02627118 0.02167223 0.01804607 0.02078761
0.02629578 0.02167687 0.01804261 0.02077074
0.02630289 0.02167200 0.01804955 0.02075345
0.02630991 0.02166103 0.01804845 0.02074215
0.02632099 0.02164373 0.01805740 0.02073048
0.02633700 0.02162317 0.01807592 0.02070463
0.02635961 0.02160121 0.01810423 0.02066903
0.02638845 0.02157515 0.01813830 0.02064199
0.02643077 0.02155517 0.01816971 0.02064500
0.02644679 0.02155033 0.01818974 0.02063919
0.02644512 0.02154895 0.01820065 0.02062015
0.02644712 0.02152849 0.01819650 0.02061299
0.02645931 0.02150129 0.01819591 0.02060155
0.02646377 0.02147924 0.01819592 0.02059342
0.02646797 0.02145211 0.01820559 0.02060356
0.02647433 0.02142006 0.01821911 0.02062083
0.02648756 0.02138065 0.01824765 0.02063282
0.02649980 0.02133051 0.01827421 0.02063976
0.02648130 0.02126266 0.01830308 0.02065456
0.02644494 0.02118622 0.01833324 0.02066947
0.02642333 0.02112799 0.01836893 0.02066092
0.02640500 0.02106272 0.01838252 0.02062433
0.02637070 0.02099561 0.01838859 0.02060296
0.02633304 0.02093009 0.01839969 0.02058009
0.02629380 0.02087789 0.01840577 0.02054509
0.02624344 0.02083285 0.01840335 0.02049453
0.02617382 0.02079354 0.01839558 0.02044745
0.02609340 0.02075905 0.01839120 0.02039948
0.02602315 0.02072221 0.01837427 0.02035849
0.02593877 0.02070360 0.01834117 0.02032143
0.02660633 0.02201830 0.01913597 0.02130666
0.02655985 0.02203867 0.01911145 0.02128914
0.02653648 0.02206359 0.01909260 0.02128429
0.02652482 0.02208054 0.01908443 0.02128376
0.02650380 0.02211454 0.01907848 0.02128665
0.02648442 0.02214950 0.01908646 0.02128601
0.02647408 0.02218097 0.01910198 0.02128797
0.02647961 0.02220500 0.01911865 0.02129655
0.02650867 0.02222100 0.01912701 0.02131586
0.02654844 0.02222857 0.01911988 0.02133038
0.02658581 0.02222828 0.01911318 0.02136284
0.02661099 0.02222534 0.01909564 0.02139542
0.02663041 0.02222692 0.01904698 0.02141454
0.02664894 0.02222534 0.01899363 0.02143874
0.02666660 0.02222539 0.01893871 0.02144822
0.02670324 0.02222343 0.01887266 0.02145443
0.02675772 0.02221186 0.01881825 0.02146882
0.02681807 0.02220209 0.01876135 0.02148780
0.02687395 0.02219974 0.01870364 0.02150176
0.02690445 0.02218912 0.01864942 0.02151949
0.02694536 0.02216915 0.01859159 0.02154124
0.02698715 0.02214081 0.01853908 0.02156453
0.02701952 0.02211300 0.01849823 0.02158055
0.02705473 0.02209577 0.01846099 0.02157400
0.02707388 0.02207228 0.01842047 0.02155552
0.02707757 0.02203175 0.01838137 0.02153440
0.02707354 0.02198203 0.01835545 0.02150230
0.02707014 0.02193164 0.01832706 0.02146363
0.02706868 0.02186896 0.01829568 0.02143372
0.02707687 0.02181226 0.01825094 0.02139985
0.02708115 0.02174921 0.01820999 0.02136368
0.02706846 0.02168351 0.01818117 0.02132318
0.02702657 0.02160769 0.01814859 0.02127049
0.02697463 0.02153710 0.01810482 0.02120853
0.02691303 0.02147423 0.01806794 0.02114787
0.02684997 0.02140749 0.01803365 0.02110013
0.02677652 0.02133805 0.01800745 0.02105745
0.02751730 0.02271504 0.01884213 0.02217481
0.02746635 0.02266937 0.01883722 0.02215460
0.02741963 0.02263378 0.01884357 0.02213164
0.02738669 0.02260300 0.01885427 0.02210893
0.02736202 0.02258582 0.01886043 0.02207134
0.02734055 0.02257740 0.01887644 0.02203142
0.02732042 0.02256437 0.01889125 0.02198527
0.02730041 0.02255580 0.01890439 0.02193536
0.02727472 0.02254303 0.01892899 0.02190411
0.02725388 0.02253731 0.01896593 0.02187366
0.02725090 0.02253839 0.01900566 0.02185007
0.02726567 0.02253726 0.01904293 0.02183079
0.02727222 0.02253830 0.01906438 0.02181028
0.02727255 0.02253313 0.01908650 0.02179600
0.02728859 0.02251295 0.01909336 0.02178543
0.02730622 0.02248700 0.01909225 0.02178339
0.02732025 0.02246834 0.01907556 0.02179102
0.02732877 0.02245621 0.01905435 0.02179439
0.02734345 0.02244280 0.01903646 0.02178445
0.02737147 0.02242235 0.01901596 0.02177703
0.02740319 0.02239634 0.01900695 0.02177137
0.02744280 0.02237529 0.01900235 0.02176933
0.02747929 0.02236103 0.01898806 0.02177735
0.02751407 0.02235208 0.01898808 0.02180514
0.02754410 0.02234213 0.01898349 0.02183727
0.02758137 0.02231752 0.01897853 0.02186302
0.02763017 0.02228618 0.01897395 0.02188620
0.02766815 0.02225246 0.01897186 0.02191538
0.02769110 0.02222012 0.01898294 0.02194554
0.02770424 0.02218574 0.01899675 0.02196704
0.02773129 0.02215329 0.01901032 0.02198167
0.02778393 0.02212653 0.01900918 0.02197367
0.02783769 0.02210010 0.01898951 0.02195141
0.02787725 0.02207215 0.01895881 0.02192158
0.02790571 0.02203277 0.01891530 0.02188261
0.02794196 0.02199180 0.01886883 0.02185306
0.02796284 0.02195949 0.01882629 0.02181318
0.02797186 0.02192350 0.01878694 0.02175004
0.02796954 0.02188620 0.01876127 0.02169610
0.02796379 0.02183458 0.01873318 0.02164070
0.02795340 0.02178685 0.01871106 0.02157977
0.02888161 0.02331317 0.01963483 0.02276683
0.02884596 0.02328307 0.01964453 0.02271988
0.02879782 0.02324913 0.01965048 0.02267506
0.02874726 0.02321772 0.01964524 0.02263207
0.02869476 0.02319471 0.01964463 0.02258592
0.02863778 0.02317425 0.01964363 0.02254035
0.02858450 0.02315113 0.01964469 0.02250694
0.02854155 0.02312449 0.01964794 0.02248054
0.02851111 0.02310580 0.01965460 0.02245456
0.02848353 0.02308598 0.01965632 0.02243465
0.02846113 0.02306433 0.01967186 0.02241605
0.02843766 0.02304336 0.01968701 0.02240108
0.02842435 0.02301803 0.01970375 0.02239847
0.02841906 0.02299774 0.01971630 0.02239846
0.02840588 0.02298504 0.01972638 0.02239769
0.02838852 0.02297423 0.01973213 0.02239754
0.02836727 0.02295352 0.01973437 0.02240297
0.02833953 0.02294247 0.01973117 0.02240840
0.02830930 0.02292739 0.01972223 0.02241497
0.02828810 0.02290887 0.01970612 0.02241143
0.02827126 0.02289950 0.01968559 0.02241554
0.02826077 0.02288767 0.01966627 0.02243629
0.02827067 0.02286830 0.01963911 0.02244956
0.02828140 0.02283972 0.01961968 0.02245102
0.02827915 0.02281151 0.01959894 0.02245894
0.02826516 0.02278362 0.01957556 0.02246695
0.02825773 0.02275098 0.01955697 0.02246003
0.02826082 0.02271016 0.01954477 0.02244627
0.02826696 0.02267790 0.01953580 0.02243286
0.02829857 0.02264221 0.01951857 0.02241449
0.02834774 0.02260897 0.01949438 0.02240558
0.02840124 0.02257393 0.01947175 0.02241177
0.02845325 0.02254429 0.01945421 0.02242665
0.02849644 0.02251547 0.01944049 0.02244774
0.02852090 0.02247809 0.01942374 0.02247372
0.02854224 0.02243688 0.01940563 0.02249385
0.02857233 0.02239417 0.01939942 0.02251097
0.02860254 0.02234497 0.01937197 0.02252846
0.02863892 0.02229813 0.01934153 0.02255385
0.02868723 0.02226178 0.01932201 0.02257541
0.02874049 0.02223308 0.01931143 0.02259068
0.02880011 0.02220715 0.01930187 0.02260997
0.02884155 0.02217992 0.01929295 0.02263060
0.02885217 0.02215032 0.01927710 0.02264403
0.02886933 0.02211333 0.01925272 0.02264735
0.02889035 0.02207908 0.01922971 0.02264152
0.02890924 0.02204405 0.01920957 0.02262923
0.02892707 0.02199670 0.01918907 0.02261473
0.03006876 0.02363574 0.02016452 0.02406049
0.03004838 0.02358521 0.02015833 0.02403694
0.03003390 0.02354077 0.02016398 0.02399167
0.03001515 0.02350349 0.02017911 0.02394880
0.03000049 0.02346822 0.02019616 0.02390715
0.02998196 0.02342800 0.02020014 0.02386631
0.02996092 0.02338468 0.02020096 0.02384417
0.02993050 0.02334879 0.02019042 0.02382352
0.02988956 0.02332611 0.02018110 0.02378928
0.02984061 0.02330422 0.02016662 0.02375115
0.02978275 0.02328361 0.02015500 0.02370892
0.02972131 0.02325914 0.02013563 0.02365957
0.02966613 0.02324196 0.02012402 0.02360471
0.02962165 0.02323435 0.02010921 0.02355298
0.02957624 0.02322222 0.02009655 0.02351253
0.02953219 0.02321092 0.02007876 0.02347779
0.02949933 0.02320208 0.02005944 0.02344977
0.02946327 0.02320102 0.02004310 0.02342330
0.02942418 0.02320232 0.02002374 0.02339061
0.02938561 0.02320656 0.02000364 0.02336450
0.02935403 0.02321488 0.01997738 0.02333805
0.02932788 0.02322888 0.01995084 0.02331222
0.02930125 0.02324279 0.01992521 0.02329276
0.02927802 0.02325834 0.01990824 0.02327292
0.02925835 0.02327026 0.01989870 0.02325218
0.02924404 0.02326723 0.01988623 0.02324501
0.02924031 0.02327636 0.01988272 0.02324194
0.02925733 0.02329046 0.01988596 0.02323455
0.02927228 0.02330307 0.01988168 0.02322159
0.02928826 0.02331763 0.01986828 0.02321287
0.02930354 0.02331503 0.01986020 0.02320246
0.02931912 0.02330395 0.01985506 0.02319563
0.02933112 0.02326539 0.01984818 0.02318092
0.02933413 0.02322066 0.01984298 0.02317577
0.02933286 0.02317321 0.01984283 0.02318209
0.02933424 0.02313145 0.01984408 0.02319246
0.02933730 0.02309171 0.01984265 0.02319634
0.02934717 0.02303980 0.01984150 0.02320065
0.02936011 0.02300049 0.01983916 0.02319661
0.02937886 0.02295321 0.01983936 0.02320225
0.02939039 0.02291224 0.01983223 0.02320720
0.02941168 0.02286836 0.01982435 0.02321339
0.02942597 0.02283646 0.01982368 0.02321131
0.02945012 0.02281163 0.01981201 0.02319523
0.02946696 0.02278843 0.01979237 0.02318362
0.02949160 0.02276169 0.01975707 0.02317787
0.02953527 0.02272942 0.01973401 0.02317064
0.02957620 0.02269774 0.01971290 0.02316200
0.02961035 0.02266463 0.01970648 0.02315503
0.02964225 0.02263659 0.01970028 0.02314285
0.02966554 0.02261743 0.01969274 0.02312809
0.02968372 0.02260447 0.01968909 0.02310366
0.02970246 0.02258297 0.01968918 0.02308017
0.02971921 0.02255710 0.01968190 0.02306442
0.02972188 0.02252808 0.01967026 0.02304550
0.03112815 0.02437676 0.02072882 0.02469332
0.03110332 0.02435428 0.02073328 0.02467807
0.03107814 0.02433636 0.02074182 0.02465707
0.03105742 0.02431666 0.02075878 0.02462732
0.03103409 0.02428977 0.02077997 0.02460411
0.03100552 0.02425815 0.02080217 0.02459845
0.03097616 0.02422784 0.02082479 0.02459906
0.03095127 0.02420182 0.02084484 0.02460479
0.03092759 0.02417837 0.02086609 0.02461299
0.03090849 0.02415914 0.02087936 0.02461930
0.03088739 0.02413113 0.02087758 0.02462940
0.03086925 0.02410221 0.02087155 0.02463716
0.03086265 0.02407520 0.02086024 0.02464450
0.03085856 0.02405475 0.02085375 0.02464410
0.03085138 0.02404689 0.02083920 0.02463924
0.03083936 0.02404121 0.02082494 0.02462574
0.03083288 0.02403606 0.02081529 0.02460967
0.03082316 0.02402970 0.02080078 0.02458616
0.03081876 0.02402325 0.02079743 0.02455814
0.03082473 0.02401809 0.02080101 0.02451882
0.03082471 0.02401367 0.02080517 0.02447044
0.03082365 0.02401636 0.02080186 0.02442370
0.03081986 0.02401740 0.02081436 0.02437352
0.03082293 0.02401696 0.02083269 0.02434157
0.03081933 0.02402096 0.02085782 0.02430238
0.03081592 0.02402743 0.02087916 0.02424527
0.03082197 0.02403087 0.02090983 0.02417850
0.03082198 0.02403452 0.02093648 0.02411303
0.03081578 0.02403950 0.02096082 0.02405373
0.03081639 0.02403373 0.02099256 0.02399323
0.03081924 0.02402560 0.02102359 0.02392498
0.03082542 0.02402232 0.02105020 0.02385806
0.03083524 0.02402294 0.02107467 0.02380431
0.03083716 0.02403296 0.02109639 0.02376056
0.03083780 0.02404353 0.02110839 0.02372058
0.03083498 0.02406658 0.02112297 0.02368472
0.03084554 0.02407976 0.02113441 0.02364483
0.03085588 0.02407700 0.02114810 0.02361687
0.03086518 0.02408292 0.02115459 0.02359618
0.03087754 0.02410285 0.02116693 0.02358233
0.03088598 0.02412268 0.02118680 0.02356770
0.03090130 0.02414090 0.02120948 0.02356023
0.03092127 0.02415320 0.02123356 0.02355903
0.03094130 0.02415223 0.02126800 0.02355675
0.03096333 0.02414446 0.02129765 0.02355799
0.03098313 0.02412831 0.02132427 0.02355700
0.03099489 0.02410553 0.02134546 0.02355860
0.03099520 0.02407596 0.02136618 0.02356200
0.03097646 0.02405028 0.02138166 0.02356510
0.03096612 0.02401976 0.02140141 0.02355807
0.03096121 0.02398534 0.02142613 0.02354967
0.03095406 0.02394717 0.02143603 0.02353324
0.03094962 0.02389860 0.02142353 0.02351494
0.03095183 0.02385209 0.02140147 0.02349945
0.03095481 0.02381030 0.02138108 0.02349089
0.03095372 0.02377695 0.02136003 0.02348009
0.03094429 0.02375255 0.02133141 0.02347167
0.03093519 0.02372241 0.02130637 0.02346362
0.03092311 0.02368752 0.02127993 0.02344867
0.03089759 0.02364613 0.02125185 0.02343866
0.03086958 0.02360243 0.02123002 0.02343631
0.03084701 0.02355067 0.02120766 0.02343895
0.03082706 0.02349367 0.02118714 0.02345002
0.03081848 0.02343935 0.02116452 0.02345481
0.03264030 0.02554807 0.02240270 0.02535189
0.03260199 0.02551879 0.02239276 0.02536316
0.03256804 0.02549031 0.02237362 0.02537053
0.03253328 0.02546684 0.02235020 0.02537511
0.03250099 0.02543853 0.02232208 0.02537387
0.03245821 0.02540681 0.02230360 0.02537108
0.03241619 0.02537529 0.02227360 0.02536324
0.03237575 0.02534456 0.02224283 0.02535679
0.03233898 0.02532213 0.02221202 0.02534612
0.03230481 0.02529979 0.02218990 0.02532913
0.03226659 0.02527032 0.02217112 0.02531705
0.03223268 0.02523914 0.02215073 0.02530694
0.03219942 0.02520454 0.02213258 0.02529645
0.03217108 0.02517135 0.02212216 0.02528218
0.03215294 0.02513748 0.02211298 0.02527193
0.03212779 0.02510465 0.02210181 0.02526549
0.03210581 0.02507161 0.02207910 0.02526276
0.03206902 0.02503847 0.02205274 0.02526161
0.03202467 0.02500413 0.02201980 0.02525505
0.03198550 0.02497458 0.02197190 0.02525139
0.03194939 0.02494623 0.02191776 0.02525046
0.03191445 0.02491776 0.02186076 0.02525676
0.03187816 0.02489497 0.02180506 0.02526542
0.03183929 0.02486931 0.02176632 0.02526955
0.03180088 0.02484557 0.02171907 0.02527769
0.03176505 0.02482316 0.02168156 0.02528648
0.03173444 0.02480022 0.02165258 0.02529997
0.03170231 0.02477473 0.02163875 0.02531363
0.03167318 0.02475128 0.02163196 0.02533140
0.03164599 0.02473511 0.02162572 0.02534443
0.03161727 0.02471602 0.02162794 0.02536373
0.03159417 0.02469478 0.02162160 0.02537680
0.03156662 0.02467392 0.02161265 0.02539093
0.03154184 0.02465372 0.02160838 0.02540305
0.03152288 0.02463586 0.02159870 0.02540867
0.03151155 0.02461827 0.02158686 0.02541277
0.03150808 0.02460131 0.02157076 0.02540786
0.03150493 0.02459322 0.02155438 0.02540911
0.03149801 0.02458716 0.02154011 0.02541128
0.03149726 0.02458225 0.02153203 0.02541562
0.03149809 0.02457779 0.02151986 0.02542155
0.03149442 0.02457225 0.02150762 0.02542093
0.03148893 0.02456871 0.02150262 0.02541458
0.03147925 0.02456739 0.02150242 0.02540688
0.03147313 0.02457612 0.02150686 0.02539713
0.03147011 0.02458364 0.02149999 0.02539135
0.03147329 0.02459419 0.02149273 0.02539610
0.03147767 0.02461424 0.02148796 0.02540581
0.03149200 0.02463711 0.02148260 0.02541174
0.03150693 0.02467259 0.02147026 0.02540113
0.03151852 0.02471497 0.02146532 0.02538529
0.03153644 0.02476789 0.02147038 0.02536645
0.03155197 0.02481493 0.02146993 0.02535270
0.03156363 0.02485178 0.02146912 0.02532845
0.03157411 0.02487960 0.02148071 0.02529436
0.03158684 0.02491445 0.02149681 0.02525482
0.03160733 0.02495019 0.02151330 0.02522029
0.03162812 0.02497567 0.02153642 0.02518553
0.03164740 0.02499570 0.02155341 0.02515871
0.03166570 0.02501459 0.02156553 0.02512321
0.03168943 0.02502707 0.02158509 0.02508092
0.03172644 0.02503409 0.02159612 0.02502864
0.03176397 0.02502647 0.02159553 0.02495946
0.03178759 0.02501264 0.02158709 0.02490198
0.03181409 0.02499957 0.02156589 0.02485637
0.03184129 0.02498131 0.02155363 0.02481491
0.03185809 0.02496264 0.02153302 0.02476539
0.03187348 0.02493965 0.02150711 0.02471474
0.03189331 0.02490284 0.02148407 0.02466501
0.03190726 0.02487258 0.02146534 0.02461592
0.03191566 0.02483514 0.02144556 0.02456474
0.03193288 0.02479299 0.02142391 0.02451669
0.03195571 0.02475793 0.02141048 0.02446427
0.03198353 0.02471082 0.02140073 0.02442026
0.03199909 0.02467144 0.02138791 0.02437867
0.03201499 0.02463948 0.02136715 0.02434175
0.03436073 0.02711601 0.02264485 0.02658357
0.03432032 0.02707668 0.02261769 0.02655192
0.03427008 0.02703556 0.02259794 0.02651984
0.03422303 0.02698136 0.02257725 0.02649382
0.03417584 0.02692212 0.02255118 0.02646646
0.03412350 0.02686637 0.02253061 0.02644159
0.03407506 0.02681781 0.02251323 0.02641921
0.03402237 0.02677244 0.02249876 0.02640068
0.03397221 0.02672475 0.02247306 0.02638066
0.03392498 0.02667616 0.02244968 0.02636091
0.03387840 0.02662932 0.02243066 0.02634601
0.03383267 0.02658368 0.02240668 0.02633355
0.03378053 0.02654132 0.02238237 0.02632351
0.03371898 0.02650263 0.02235386 0.02632069
0.03366160 0.02645640 0.02232391 0.02631651
0.03361050 0.02640987 0.02230777 0.02631540
0.03357303 0.02637151 0.02230015 0.02631176
0.03354237 0.02633490 0.02229724 0.02631148
0.03351190 0.02629366 0.02228853 0.02631377
0.03348285 0.02625043 0.02228182 0.02632201
0.03345143 0.02621148 0.02226722 0.02633297
0.03342430 0.02616980 0.02224490 0.02635125
0.03338845 0.02612824 0.02222491 0.02636805
0.03335100 0.02608903 0.02220401 0.02637992
0.03330460 0.02605355 0.02218685 0.02638743
0.03325013 0.02601757 0.02215941 0.02639890
0.03319883 0.02597835 0.02213917 0.02641364
0.03314634 0.02593636 0.02212937 0.02642966
0.03309918 0.02589604 0.02211705 0.02644486
0.03305702 0.02586030 0.02210278 0.02646250
0.03301632 0.02583141 0.02209036 0.02648192
0.03297428 0.02580523 0.02208245 0.02649952
0.03293131 0.02578026 0.02208092 0.02651353
0.03288381 0.02575470 0.02208435 0.02652353
0.03283786 0.02573334 0.02207783 0.02652900
0.03279468 0.02570989 0.02207209 0.02653386
0.03274745 0.02568783 0.02206957 0.02653278
0.03269175 0.02566467 0.02207415 0.02652704
0.03263159 0.02564140 0.02207605 0.02652201
0.03257924 0.02562218 0.02207810 0.02651307
0.03252964 0.02560113 0.02208947 0.02650513
0.03248498 0.02557736 0.02209524 0.02649977
0.03244362 0.02555444 0.02210675 0.02649118
0.03240746 0.02553256 0.02211436 0.02648350
0.03237413 0.02551456 0.02212148 0.02647239
0.03233671 0.02549978 0.02213228 0.02645975
0.03230452 0.02548643 0.02214098 0.02644566
0.03227398 0.02547659 0.02215656 0.02643145
0.03224738 0.02546754 0.02217655 0.02641169
0.03221740 0.02545597 0.02219763 0.02639190
0.03219047 0.02544282 0.02221359 0.02637765
0.03216838 0.02542845 0.02222455 0.02636707
0.03214651 0.02541432 0.02223201 0.02636157
0.03212578 0.02540201 0.02224344 0.02635322
0.03210722 0.02538762 0.02225798 0.02634723
0.03208837 0.02537373 0.02226644 0.02634190
0.03206388 0.02536519 0.02227376 0.02632931
0.03204211 0.02535779 0.02227330 0.02631568
0.03202485 0.02535065 0.02227193 0.02630841
0.03200854 0.02534558 0.02227571 0.02631372
0.03200223 0.02534302 0.02228460 0.02632004
0.03200506 0.02534445 0.02228478 0.02632858
0.03200942 0.02534475 0.02229021 0.02634417
0.03201934 0.02534369 0.02229987 0.02636174
0.03203181 0.02534427 0.02231072 0.02637920
0.03204412 0.02535336 0.02231910 0.02639789
0.03206400 0.02536281 0.02233368 0.02641439
0.03209231 0.02537502 0.02234561 0.02643204
0.03212470 0.02539364 0.02236273 0.02645117
0.03215198 0.02541967 0.02238045 0.02646422
0.03218139 0.02544816 0.02239907 0.02647477
0.03221204 0.02547872 0.02241865 0.02648940
0.03224487 0.02550857 0.02243823 0.02651044
0.03228275 0.02554088 0.02246373 0.02653588
0.03232236 0.02557167 0.02248692 0.02655023
0.03237523 0.02559886 0.02250206 0.02655541
0.03243405 0.02561991 0.02251268 0.02655819
0.03249189 0.02563997 0.02252305 0.02655798
0.03255422 0.02566940 0.02252707 0.02655393
0.03262077 0.02570095 0.02253165 0.02653793
0.03268957 0.02573071 0.02254036 0.02652628
0.03276098 0.02576139 0.02255573 0.02651701
0.03283272 0.02578695 0.02257301 0.02650291
0.03289640 0.02580976 0.02257918 0.02647682
0.03295610 0.02583252 0.02258273 0.02644152
0.03301254 0.02585018 0.02259514 0.02640496
0.03307122 0.02585968 0.02261332 0.02637176
0.03312115 0.02586024 0.02262591 0.02634049
0.03317145 0.02585598 0.02264064 0.02630606
0.03321784 0.02585031 0.02265850 0.02626922
0.03326333 0.02584754 0.02267006 0.02622419
0.00080716 0.00065582 0.00058266 0.00064027
