0.00018971 0.00018946 0.00019096 0.00018995
0.00022130 0.00022203 0.00022223 0.00022139
0.00024019 0.00024084 0.00023932 0.00023961
0.00025044 0.00024950 0.00025130 0.00025121
0.00025979 0.00026342 0.00025938 0.00026002
0.00026307 0.00026506 0.00026622 0.00026153
0.00026863 0.00027112 0.00026880 0.00027177
0.00027302 0.00026989 0.00027198 0.00027292
0.00027868 0.00027729 0.00027315 0.00027062
0.00027833 0.00027410 0.00027789 0.00027554
0.00027534 0.00028330 0.00028376 0.00027574
0.00028160 0.00028329 0.00027779 0.00028032
0.00028135 0.00027788 0.00028068 0.00027989
0.00028903 0.00027880 0.00027982 0.00027901
0.00028805 0.00028798 0.00028154 0.00027574
0.00028630 0.00028039 0.00027773 0.00028901
0.00029427 0.00027878 0.00027665 0.00027784
0.00028808 0.00028918 0.00027422 0.00028218
0.00028796 0.00027912 0.00027130 0.00028275
0.00028893 0.00029117 0.00027450 0.00028214
0.00028457 0.00029092 0.00027734 0.00028678
0.00028477 0.00029263 0.00028772 0.00028245
0.00029286 0.00028055 0.00028383 0.00027674
0.00029244 0.00028927 0.00027179 0.00027788
0.00028399 0.00028184 0.00027271 0.00028691
0.00029701 0.00028333 0.00028252 0.00028650
0.00028603 0.00027566 0.00028069 0.00029438
0.00028761 0.00028710 0.00028549 0.00028200
0.00029206 0.00030378 0.00027919 0.00028530
0.00029429 0.00029250 0.00028203 0.00028028
0.00030671 0.00029976 0.00028218 0.00028437
0.00029687 0.00028977 0.00027620 0.00028648
0.00029682 0.00028771 0.00028444 0.00027961
0.00029137 0.00028916 0.00027726 0.00028146
0.00027330 0.00030535 0.00027507 0.00028199
0.00030873 0.00029373 0.00027990 0.00027884
0.00030439 0.00028957 0.00028060 0.00028592
0.00029558 0.00030371 0.00027176 0.00028556
0.00029799 0.00028901 0.00028038 0.00028219
0.00028762 0.00029030 0.00027978 0.00029631
0.00029460 0.00029403 0.00026719 0.00029079
0.00028014 0.00028454 0.00028320 0.00028505
0.00029081 0.00029576 0.00028196 0.00028630
0.00028646 0.00029179 0.00028478 0.00028210
0.00027843 0.00030624 0.00026433 0.00028583
0.00029834 0.00028707 0.00027617 0.00028390
0.00030561 0.00030601 0.00026195 0.00028157
0.00030401 0.00028859 0.00027150 0.00027531
0.00029227 0.00031099 0.00027861 0.00028579
0.00029022 0.00030239 0.00026664 0.00029132
0.00030250 0.00029630 0.00027248 0.00029608
0.00030038 0.00029265 0.00027078 0.00029186
0.00029196 0.00029500 0.00026790 0.00028710
0.00030233 0.00029205 0.00027298 0.00028525
0.00028121 0.00030293 0.00026264 0.00028979
0.00029920 0.00030872 0.00027568 0.00029377
0.00029127 0.00028521 0.00028308 0.00028833
0.00028355 0.00029229 0.00027348 0.00029014
0.00029455 0.00029609 0.00027304 0.00027511
0.00030245 0.00028552 0.00028940 0.00029607
0.00029933 0.00029397 0.00027118 0.00028240
0.00030996 0.00030276 0.00028326 0.00027481
0.00028683 0.00030443 0.00026150 0.00028718
0.00030506 0.00029488 0.00026858 0.00028446
0.00030735 0.00030974 0.00026167 0.00028833
0.00030744 0.00029471 0.00028306 0.00028307
0.00029175 0.00031382 0.00027687 0.00030072
0.00028809 0.00029782 0.00027453 0.00028805
0.00028115 0.00030284 0.00027471 0.00028661
0.00031155 0.00030229 0.00026213 0.00027912
0.00030132 0.00030817 0.00028074 0.00028058
0.00029727 0.00029871 0.00027041 0.00029139
0.00029584 0.00030732 0.00026622 0.00027791
0.00030182 0.00031911 0.00026556 0.00027246
0.00030010 0.00029570 0.00026522 0.00029565
0.00030026 0.00029491 0.00027640 0.00027062
0.00031017 0.00030324 0.00026853 0.00028005
0.00030696 0.00030567 0.00027819 0.00028181
0.00030605 0.00029591 0.00026723 0.00026838
0.00032062 0.00031044 0.00026049 0.00028305
0.00031153 0.00029110 0.00027000 0.00030120
0.00030524 0.00030601 0.00025402 0.00026881
0.00030696 0.00031663 0.00028816 0.00027588
0.00030448 0.00030826 0.00027424 0.00028191
0.00029513 0.00030206 0.00025523 0.00026487
0.00029993 0.00032960 0.00027796 0.00026490
0.00031632 0.00030910 0.00028821 0.00027176
0.00029567 0.00029956 0.00027036 0.00028714
0.00029334 0.00030871 0.00025961 0.00026027
0.00031335 0.00030894 0.00027313 0.00028768
0.00029115 0.00030335 0.00026944 0.00030014
0.00029747 0.00030386 0.00028492 0.00031627
0.00029264 0.00030851 0.00026386 0.00029526
0.00030361 0.00031241 0.00027030 0.00029201
0.00030588 0.00030658 0.00026664 0.00028603
0.00029115 0.00028996 0.00026160 0.00030825
0.00028852 0.00030118 0.00028046 0.00026737
0.00028219 0.00029410 0.00027868 0.00028495
0.00028928 0.00031482 0.00025539 0.00028454
0.00031186 0.00030464 0.00027624 0.00028591
0.00030769 0.00030866 0.00027470 0.00029651
0.00027832 0.00030523 0.00026461 0.00028775
0.00029873 0.00031555 0.00027517 0.00028855
0.00026665 0.00031959 0.00029016 0.00028013
0.00029108 0.00033982 0.00029253 0.00028914
0.00027663 0.00033341 0.00028775 0.00026940
0.00029531 0.00030278 0.00024696 0.00027518
0.00026433 0.00032619 0.00028013 0.00028457
0.00030672 0.00032846 0.00027824 0.00026501
0.00028615 0.00031565 0.00027122 0.00030767
0.00029281 0.00030304 0.00028614 0.00028931
0.00028410 0.00032151 0.00026483 0.00029625
0.00029139 0.00031003 0.00027181 0.00025887
0.00029470 0.00030606 0.00027599 0.00029006
0.00030545 0.00033754 0.00026228 0.00031322
0.00027154 0.00032282 0.00028205 0.00026130
0.00029358 0.00030209 0.00027067 0.00030068
0.00029509 0.00029620 0.00028820 0.00028787
0.00031138 0.00033133 0.00025706 0.00025530
0.00030801 0.00032701 0.00028235 0.00027656
0.00030079 0.00031380 0.00029486 0.00027700
0.00027775 0.00033064 0.00029246 0.00026523
0.00028410 0.00033084 0.00028954 0.00026499
0.00029830 0.00033797 0.00026182 0.00031172
0.00028348 0.00031815 0.00023960 0.00027156
0.00028764 0.00031780 0.00027601 0.00029447
0.00026883 0.00033963 0.00028282 0.00026733
0.00029023 0.00032332 0.00028509 0.00029608
0.00027641 0.00029990 0.00025750 0.00027814
0.00027621 0.00031973 0.00029483 0.00029334
0.00027981 0.00030543 0.00027241 0.00026685
0.00028166 0.00032910 0.00029094 0.00029059
0.00026219 0.00030874 0.00029361 0.00027812
0.00026941 0.00030237 0.00024889 0.00029401
0.00028775 0.00029055 0.00027145 0.00030388
0.00027720 0.00031435 0.00027431 0.00029780
0.00026314 0.00034198 0.00030266 0.00028160
0.00029767 0.00031906 0.00025016 0.00029066
0.00026601 0.00031571 0.00027076 0.00028986
0.00028739 0.00031896 0.00024156 0.00029506
0.00027696 0.00030288 0.00027401 0.00029506
0.00028385 0.00035822 0.00029136 0.00027743
0.00027255 0.00034399 0.00030054 0.00025838
0.00027441 0.00029227 0.00028628 0.00030675
0.00030184 0.00032577 0.00028766 0.00029832
0.00028355 0.00030595 0.00028575 0.00027144
0.00027312 0.00032580 0.00026558 0.00029620
0.00026729 0.00035942 0.00028382 0.00026597
0.00024858 0.00033095 0.00026046 0.00030879
0.00028319 0.00031630 0.00027067 0.00027557
0.00029278 0.00033508 0.00027700 0.00027946
0.00027264 0.00033516 0.00028772 0.00028252
0.00029820 0.00034121 0.00026230 0.00029524
0.00029757 0.00033925 0.00026722 0.00027895
0.00029637 0.00033426 0.00027498 0.00026724
0.00026845 0.00032942 0.00027728 0.00026592
0.00028383 0.00031780 0.00028227 0.00028395
0.00028616 0.00033260 0.00030060 0.00029695
0.00029161 0.00032887 0.00026992 0.00025288
0.00029930 0.00033344 0.00028322 0.00026632
0.00026102 0.00035518 0.00027165 0.00032156
0.00030238 0.00032816 0.00028334 0.00029095
0.00029115 0.00031399 0.00025666 0.00029366
0.00030137 0.00032104 0.00026086 0.00028725
0.00030514 0.00033342 0.00029472 0.00028216
0.00026957 0.00031640 0.00026273 0.00027268
0.00027987 0.00033625 0.00023902 0.00029922
0.00029569 0.00033542 0.00022196 0.00029113
0.00027042 0.00035740 0.00027575 0.00027044
0.00029013 0.00033923 0.00026586 0.00027115
0.00031835 0.00033633 0.00025483 0.00028881
0.00027451 0.00033563 0.00028962 0.00025630
0.00025487 0.00034713 0.00027064 0.00027700
0.00027444 0.00031931 0.00027921 0.00028484
0.00027952 0.00031504 0.00028867 0.00028812
0.00029280 0.00032699 0.00026304 0.00027079
0.00029229 0.00035242 0.00027205 0.00024353
0.00029818 0.00032487 0.00028346 0.00028290
0.00027963 0.00031551 0.00027679 0.00029572
0.00028831 0.00029625 0.00027081 0.00026853
0.00030305 0.00032239 0.00028545 0.00028010
0.00028009 0.00032648 0.00026404 0.00027009
0.00025546 0.00032698 0.00028752 0.00027688
0.00026314 0.00031872 0.00028036 0.00028207
0.00026144 0.00033625 0.00025050 0.00029838
0.00029426 0.00037816 0.00025081 0.00028927
0.00029843 0.00031985 0.00026977 0.00028725
0.00026211 0.00032670 0.00027100 0.00026516
0.00025305 0.00033955 0.00028217 0.00026193
0.00025647 0.00033833 0.00027067 0.00025819
0.00027426 0.00035058 0.00025986 0.00028120
0.00028424 0.00032588 0.00027961 0.00028629
0.00027262 0.00033651 0.00025169 0.00028712
0.00026465 0.00033733 0.00024939 0.00027374
0.00027111 0.00033399 0.00026427 0.00027693
0.00028069 0.00034625 0.00025655 0.00029260
0.00026012 0.00033489 0.00028488 0.00027282
0.00029793 0.00029937 0.00029133 0.00027809
0.00027896 0.00030022 0.00029554 0.00027006
0.00012405 0.00012376 0.00012451 0.00012370
