0.00098992 0.00147185 0.00134086 0.00145492
0.00127649 0.00189894 0.00173001 0.00187734
0.00150868 0.00224590 0.00204568 0.00222008
0.00170883 0.00254507 0.00231833 0.00251633
0.00188748 0.00281215 0.00256172 0.00278057
0.00204966 0.00305691 0.00278266 0.00302117
0.00220055 0.00328015 0.00298878 0.00324422
0.00233920 0.00349218 0.00317908 0.00345225
0.00247198 0.00368921 0.00335942 0.00364827
0.00259501 0.00387760 0.00353009 0.00383370
0.00271378 0.00405524 0.00369293 0.00401117
0.00282738 0.00422464 0.00384825 0.00417961
0.00293554 0.00438879 0.00399712 0.00434274
0.00304123 0.00454637 0.00414059 0.00449918
0.00314208 0.00469697 0.00428017 0.00464965
0.00323851 0.00484423 0.00441454 0.00479552
0.00333138 0.00499125 0.00454237 0.00493675
0.00342306 0.00512864 0.00466933 0.00507453
0.00351015 0.00526001 0.00479327 0.00520927
0.00359734 0.00539144 0.00491065 0.00533867
0.00368314 0.00551520 0.00502742 0.00546614
0.00376440 0.00564444 0.00514070 0.00558865
0.00384084 0.00576688 0.00525068 0.00571081
0.00391629 0.00588882 0.00535765 0.00582819
0.00399118 0.00600398 0.00546465 0.00594642
0.00407045 0.00612070 0.00556843 0.00605773
0.00414045 0.00622818 0.00567449 0.00616964
0.00421983 0.00633667 0.00577827 0.00628167
0.00428391 0.00644415 0.00587334 0.00638976
0.00435607 0.00654773 0.00596914 0.00649969
0.00441355 0.00665586 0.00606199 0.00659686
0.00448437 0.00675418 0.00615557 0.00669772
0.00454485 0.00685483 0.00624999 0.00679202
0.00461666 0.00695299 0.00633912 0.00689633
0.00468503 0.00705220 0.00642726 0.00699471
0.00474614 0.00715243 0.00651851 0.00709484
0.00480554 0.00724057 0.00660231 0.00718057
0.00486401 0.00733377 0.00668572 0.00727769
0.00491468 0.00742853 0.00676907 0.00736394
0.00497392 0.00752477 0.00685466 0.00746431
0.00504403 0.00761067 0.00693810 0.00755684
0.00509104 0.00770423 0.00699716 0.00764259
0.00515506 0.00779616 0.00709700 0.00773474
0.00521990 0.00787992 0.00717296 0.00781665
0.00525357 0.00795391 0.00725733 0.00790394
0.00533888 0.00803828 0.00734137 0.00799698
0.00536808 0.00812444 0.00741382 0.00805363
0.00541602 0.00820866 0.00747730 0.00815090
0.00546586 0.00829978 0.00755324 0.00824189
0.00552712 0.00837947 0.00764175 0.00832559
0.00557072 0.00844151 0.00768317 0.00838760
0.00564213 0.00852312 0.00777636 0.00846388
0.00568955 0.00861993 0.00784934 0.00855649
0.00572147 0.00869044 0.00791899 0.00860487
0.00574973 0.00877416 0.00796572 0.00869382
0.00581090 0.00885113 0.00806706 0.00878575
0.00587994 0.00891730 0.00814044 0.00886022
0.00590369 0.00899995 0.00821037 0.00894019
0.00595456 0.00906572 0.00826001 0.00897948
0.00601043 0.00911855 0.00830768 0.00907766
0.00604840 0.00921168 0.00838234 0.00914602
0.00610216 0.00930209 0.00847671 0.00921920
0.00612031 0.00933362 0.00851275 0.00927346
0.00619382 0.00943249 0.00860355 0.00937190
0.00624402 0.00949705 0.00863990 0.00941828
0.00627023 0.00955261 0.00869014 0.00949901
0.00628419 0.00962025 0.00875730 0.00957040
0.00634306 0.00970275 0.00883983 0.00965120
0.00640076 0.00977759 0.00890760 0.00969026
0.00643281 0.00985167 0.00895801 0.00978241
0.00650927 0.00991216 0.00900133 0.00984535
0.00653288 0.00997896 0.00912180 0.00991208
0.00653046 0.01003420 0.00910297 0.00994884
0.00660198 0.01005359 0.00915981 0.01000284
0.00662852 0.01015352 0.00925344 0.01009884
0.00664238 0.01021261 0.00932677 0.01019095
0.00671747 0.01031279 0.00939745 0.01025275
0.00672505 0.01033170 0.00939561 0.01025502
0.00679605 0.01042605 0.00949767 0.01034663
0.00683659 0.01046120 0.00951064 0.01039943
0.00690393 0.01054370 0.00961805 0.01047720
0.00689131 0.01060610 0.00961329 0.01053287
0.00695558 0.01068435 0.00970998 0.01059578
0.00698343 0.01069182 0.00974509 0.01065655
0.00702214 0.01085399 0.00984028 0.01071902
0.00706360 0.01085176 0.00987360 0.01077784
0.00709379 0.01087634 0.00992899 0.01086423
0.00713727 0.01103246 0.01001296 0.01093100
0.00715602 0.01104515 0.01004182 0.01095798
0.00719720 0.01107990 0.01010740 0.01098802
0.00726641 0.01114253 0.01011957 0.01103303
0.00727040 0.01118250 0.01016523 0.01109638
0.00736317 0.01128259 0.01025550 0.01122801
0.00736036 0.01136333 0.01030838 0.01124865
0.00734071 0.01137817 0.01035201 0.01130605
0.00739461 0.01143060 0.01041976 0.01135933
0.00737111 0.01145103 0.01044955 0.01142416
0.00747166 0.01155189 0.01046736 0.01144272
0.00749553 0.01152181 0.01059331 0.01150995
0.00752237 0.01162448 0.01059362 0.01154678
0.00756141 0.01167266 0.01063303 0.01164489
0.00757733 0.01173711 0.01071377 0.01173411
0.00765524 0.01179899 0.01068320 0.01175012
0.00771753 0.01186796 0.01082279 0.01178633
0.00775412 0.01191662 0.01083085 0.01186473
0.00778303 0.01200394 0.01094172 0.01194812
0.00779631 0.01206952 0.01093006 0.01195171
0.00777343 0.01202704 0.01095450 0.01193522
0.00779895 0.01206360 0.01096848 0.01201069
0.00782077 0.01215987 0.01106012 0.01209864
0.00797834 0.01225614 0.01115062 0.01215530
0.00789370 0.01236015 0.01117187 0.01223465
0.00788358 0.01230107 0.01116899 0.01222247
0.00798843 0.01238225 0.01125515 0.01234441
0.00804673 0.01245813 0.01126999 0.01234850
0.00805052 0.01255738 0.01136913 0.01245639
0.00806583 0.01248014 0.01133070 0.01241464
0.00812012 0.01255957 0.01147966 0.01247386
0.00821405 0.01269125 0.01150983 0.01255709
0.00819223 0.01272216 0.01155600 0.01258813
0.00818025 0.01268509 0.01152042 0.01267890
0.00826514 0.01282938 0.01161310 0.01272792
0.00828961 0.01291175 0.01166454 0.01281385
0.00837616 0.01286823 0.01161859 0.01280606
0.00827583 0.01295771 0.01178353 0.01285214
0.00822414 0.01288716 0.01171460 0.01283812
0.00840611 0.01302373 0.01183507 0.01297379
0.00842278 0.01316549 0.01194783 0.01304608
0.00837482 0.01303975 0.01190585 0.01309868
0.00845190 0.01313033 0.01197996 0.01310895
0.00838109 0.01312872 0.01201696 0.01309481
0.00855672 0.01326869 0.01207513 0.01312354
0.00857385 0.01335735 0.01216973 0.01326909
0.00860144 0.01330924 0.01211053 0.01321156
0.00847774 0.01350765 0.01221576 0.01334420
0.00866969 0.01338922 0.01222420 0.01332353
0.00867812 0.01350150 0.01226261 0.01343995
0.00872083 0.01353055 0.01220333 0.01337596
0.00866341 0.01360914 0.01234607 0.01348782
0.00875993 0.01352875 0.01233804 0.01355630
0.00884037 0.01367420 0.01242464 0.01366422
0.00875033 0.01365239 0.01240552 0.01363176
0.00880336 0.01378309 0.01255454 0.01373015
0.00893180 0.01370970 0.01242266 0.01374281
0.00886432 0.01391439 0.01259542 0.01383330
0.00888549 0.01381701 0.01259201 0.01374278
0.00894325 0.01401462 0.01266274 0.01385368
0.00900854 0.01395968 0.01262517 0.01384371
0.00899743 0.01415456 0.01273274 0.01393383
0.00892127 0.01405039 0.01265766 0.01404325
0.00911473 0.01424994 0.01280910 0.01415531
0.00903373 0.01426036 0.01291949 0.01413518
0.00902281 0.01412873 0.01289146 0.01416181
0.00912763 0.01429114 0.01291990 0.01422758
0.00910981 0.01426163 0.01289012 0.01416647
0.00910367 0.01449269 0.01304990 0.01429120
0.00904350 0.01437621 0.01314184 0.01421115
0.00919119 0.01426397 0.01309969 0.01426080
0.00919942 0.01454461 0.01319536 0.01441606
0.00919096 0.01457510 0.01320128 0.01440559
0.00936226 0.01473137 0.01323096 0.01454504
0.00930313 0.01460279 0.01319605 0.01461623
0.00934228 0.01447348 0.01315289 0.01458337
0.00937130 0.01479799 0.01341727 0.01470745
0.00923834 0.01482987 0.01343762 0.01467648
0.00932816 0.01476391 0.01335974 0.01466941
0.00941951 0.01488541 0.01339177 0.01477423
0.00943230 0.01482846 0.01338565 0.01471497
0.00957368 0.01502253 0.01350906 0.01476233
0.00952932 0.01496855 0.01341989 0.01474561
0.00943754 0.01485344 0.01334280 0.01479968
0.00959586 0.01512444 0.01353145 0.01494930
0.00945489 0.01519114 0.01364018 0.01491603
0.00955086 0.01514757 0.01367558 0.01488917
0.00977550 0.01528176 0.01379987 0.01506628
0.00982474 0.01514391 0.01362256 0.01507998
0.00971011 0.01506681 0.01355054 0.01506231
0.00971518 0.01510580 0.01359697 0.01506093
0.00978191 0.01541467 0.01383272 0.01519330
0.00966561 0.01533254 0.01387238 0.01516455
0.00972975 0.01514073 0.01385013 0.01513135
0.00980259 0.01539441 0.01397633 0.01534353
0.00978448 0.01540253 0.01403238 0.01540913
0.00979768 0.01536398 0.01405176 0.01540929
0.00997168 0.01565242 0.01409778 0.01548188
0.00992971 0.01559138 0.01400277 0.01553873
0.00985888 0.01552144 0.01398830 0.01557277
0.00985719 0.01546756 0.01407003 0.01552515
0.00992954 0.01577276 0.01427498 0.01561215
0.00989117 0.01573182 0.01430466 0.01561044
0.00986998 0.01573111 0.01425721 0.01561789
0.01007596 0.01603313 0.01437362 0.01574145
0.01007229 0.01587533 0.01435056 0.01564461
0.01010668 0.01568586 0.01431949 0.01562552
0.01006449 0.01563458 0.01437173 0.01565114
0.01019465 0.01599856 0.01453272 0.01582150
0.01002155 0.01604716 0.01442476 0.01584597
0.00997535 0.01595266 0.01433437 0.01586733
0.01008479 0.01581049 0.01432050 0.01583179
0.01034219 0.01608891 0.01461109 0.01602693
0.01031846 0.01604694 0.01478382 0.01607368
0.01015338 0.01601636 0.01480572 0.01612213
0.01019858 0.01598378 0.01471973 0.01612461
0.01029436 0.01638027 0.01483129 0.01624334
0.01018628 0.01639135 0.01475347 0.01617084
0.01012887 0.01632577 0.01469703 0.01617314
0.01008785 0.01620446 0.01468208 0.01619888
0.01036081 0.01651448 0.01486546 0.01636203
0.01040636 0.01652617 0.01484972 0.01631943
0.01028496 0.01651394 0.01479855 0.01631542
0.01017688 0.01643054 0.01469003 0.01632597
0.01030370 0.01628398 0.01471485 0.01630327
0.01060516 0.01662482 0.01500453 0.01649480
0.01060696 0.01658283 0.01507379 0.01646872
0.01060989 0.01652158 0.01510991 0.01644309
0.01055244 0.01643781 0.01507575 0.01646825
0.01069820 0.01677370 0.01516668 0.01667123
0.01060780 0.01680094 0.01505396 0.01668857
0.01046219 0.01677817 0.01503476 0.01661981
0.01037197 0.01672403 0.01496631 0.01663091
0.01038430 0.01662492 0.01489474 0.01665646
0.01084744 0.01694683 0.01510026 0.01685520
0.01089244 0.01699572 0.01518098 0.01687353
0.01078315 0.01707300 0.01524233 0.01694014
0.01061276 0.01707398 0.01522716 0.01697501
0.01055106 0.01697211 0.01515020 0.01690563
0.01079616 0.01730229 0.01526028 0.01702254
0.01083266 0.01725986 0.01520210 0.01700024
0.01075511 0.01716913 0.01526054 0.01700705
0.01070280 0.01710582 0.01535488 0.01695624
0.01056489 0.01703452 0.01541512 0.01694505
0.01076395 0.01731482 0.01565273 0.01713606
0.01084564 0.01732539 0.01554194 0.01708019
0.01095589 0.01731876 0.01540097 0.01709420
0.01091488 0.01727684 0.01526633 0.01711175
0.01077861 0.01726406 0.01522210 0.01718793
0.01072452 0.01713834 0.01526822 0.01718720
0.01098957 0.01743421 0.01556096 0.01732862
0.01112915 0.01741704 0.01565967 0.01725787
0.01113046 0.01736784 0.01574802 0.01727820
0.01111328 0.01736457 0.01579755 0.01735067
0.01103279 0.01741845 0.01574750 0.01741891
0.01094465 0.01741655 0.01571547 0.01738352
0.01114530 0.01785779 0.01593008 0.01754337
0.01108853 0.01791428 0.01592117 0.01747347
0.01108259 0.01791362 0.01594537 0.01744910
0.01109161 0.01783562 0.01595812 0.01740022
0.01110683 0.01774026 0.01596137 0.01745836
0.01100650 0.01763176 0.01597160 0.01751170
0.01120352 0.01797088 0.01620710 0.01769753
0.01125013 0.01790436 0.01612651 0.01764778
0.01132845 0.01790914 0.01610623 0.01759969
0.01129738 0.01792413 0.01612225 0.01755417
0.01126043 0.01796571 0.01620276 0.01759439
0.01113256 0.01797772 0.01622420 0.01771586
0.01124716 0.01841480 0.01648096 0.01800702
0.01113543 0.01831357 0.01643093 0.01794294
0.01119192 0.01821259 0.01639627 0.01790117
0.01120229 0.01810168 0.01638713 0.01788181
0.01129271 0.01803558 0.01643218 0.01783431
0.01136057 0.01790896 0.01645739 0.01777213
0.01131548 0.01776358 0.01647034 0.01784581
0.01149849 0.01820371 0.01672662 0.01814980
0.01143356 0.01824176 0.01666177 0.01812118
0.01131178 0.01825917 0.01658935 0.01815044
0.01122673 0.01822988 0.01651946 0.01820342
0.01125668 0.01818086 0.01644692 0.01824086
0.01130910 0.01813526 0.01643562 0.01824695
0.01129699 0.01808431 0.01646907 0.01830310
0.01150886 0.01854056 0.01676811 0.01863246
0.01157095 0.01856901 0.01677433 0.01852404
0.01161892 0.01860988 0.01668401 0.01840621
0.01160489 0.01863689 0.01655879 0.01836706
0.01157288 0.01865868 0.01649978 0.01834675
0.01152987 0.01866870 0.01644036 0.01840282
0.01150774 0.01866229 0.01639026 0.01843425
0.01143658 0.01857784 0.01637440 0.01848401
0.01163235 0.01898360 0.01669989 0.01880993
0.01153020 0.01891365 0.01677838 0.01878025
0.01152086 0.01890396 0.01684424 0.01873477
0.01157554 0.01884996 0.01688884 0.01866516
0.01163785 0.01876616 0.01695447 0.01863186
0.01159225 0.01868040 0.01695648 0.01857601
0.01151203 0.01856175 0.01695365 0.01853325
0.01147586 0.01840948 0.01690137 0.01856619
0.01186346 0.01885041 0.01708954 0.01888336
0.01195624 0.01881047 0.01698640 0.01884152
0.01199441 0.01882383 0.01684786 0.01880929
0.01197992 0.01885994 0.01675791 0.01880469
0.01192159 0.01882770 0.01672561 0.01875625
0.01185928 0.01878744 0.01668908 0.01877308
0.01173858 0.01873406 0.01668652 0.01879734
0.01171683 0.01864636 0.01667760 0.01882975
0.01203077 0.01914292 0.01696105 0.01923925
0.01196116 0.01914482 0.01696919 0.01919881
0.01191572 0.01914084 0.01703821 0.01914521
0.01188595 0.01915816 0.01710567 0.01902975
0.01186833 0.01919057 0.01710843 0.01892886
0.01184744 0.01924371 0.01705384 0.01889181
0.01184241 0.01923056 0.01702016 0.01893375
0.01189935 0.01918151 0.01701678 0.01898691
0.01182057 0.01910703 0.01704771 0.01904312
0.01210131 0.01964918 0.01739077 0.01940507
0.01200230 0.01966810 0.01744025 0.01937609
0.01182795 0.01964259 0.01746440 0.01936762
0.01175918 0.01960116 0.01746545 0.01933336
0.01180024 0.01957098 0.01741309 0.01928969
0.01192616 0.01952802 0.01732923 0.01919144
0.01208973 0.01948816 0.01721513 0.01911877
0.01216994 0.01942097 0.01716642 0.01910986
0.01215149 0.01934882 0.01711768 0.01917903
0.01252214 0.01989162 0.01745768 0.01971514
0.01247576 0.01988806 0.01751390 0.01966710
0.01239954 0.01990728 0.01751921 0.01962740
0.01231031 0.01991392 0.01750372 0.01963222
0.01215730 0.01995090 0.01743082 0.01964812
0.01203423 0.01999636 0.01733995 0.01958950
0.01200870 0.02000709 0.01731412 0.01953723
0.01204330 0.02000292 0.01729586 0.01948035
0.01207462 0.01998686 0.01729709 0.01941486
0.01209918 0.01989706 0.01731925 0.01929983
0.01260624 0.02036942 0.01766356 0.01974377
0.01271719 0.02022195 0.01771924 0.01972178
0.01273179 0.02010194 0.01789429 0.01975347
0.01272049 0.01998522 0.01801393 0.01976194
0.01256646 0.01987848 0.01803397 0.01977987
0.01247807 0.01977384 0.01806931 0.01980543
0.01235604 0.01967878 0.01814693 0.01985022
0.01225050 0.01963400 0.01816121 0.01987838
0.01214164 0.01959489 0.01807906 0.01991185
0.01207764 0.01954083 0.01796580 0.01995374
0.01208962 0.01947537 0.01783620 0.01995615
0.01261405 0.02004165 0.01803674 0.02042139
0.01272447 0.01997206 0.01787006 0.02031545
0.01283037 0.01998134 0.01773593 0.02022309
0.01288636 0.02003730 0.01764064 0.02015122
0.01287055 0.02007466 0.01752131 0.02006592
0.01288187 0.02007979 0.01750011 0.02004478
0.01288548 0.02009142 0.01745176 0.02003870
0.01278552 0.02011297 0.01742207 0.02007256
0.01267210 0.02014539 0.01741807 0.02012840
0.01256403 0.02013694 0.01743963 0.02022961
0.01245596 0.02011700 0.01749563 0.02032361
0.01239882 0.02009735 0.01757214 0.02034182
0.01277682 0.02084758 0.01796858 0.02085543
0.01273695 0.02087077 0.01801565 0.02074083
0.01268227 0.02089124 0.01809295 0.02068307
0.01269603 0.02089911 0.01817386 0.02057545
0.01275448 0.02087868 0.01817238 0.02050959
0.01276448 0.02084221 0.01821085 0.02045164
0.01280635 0.02081142 0.01820434 0.02043285
0.01288752 0.02074240 0.01816845 0.02043074
0.01291198 0.02067667 0.01815018 0.02045108
0.01285289 0.02063003 0.01816656 0.02044864
0.01281047 0.02060732 0.01819776 0.02043987
0.01280046 0.02057370 0.01824048 0.02046641
0.01326682 0.02129769 0.01865812 0.02109750
0.01322352 0.02129136 0.01870340 0.02103611
0.01316086 0.02125465 0.01870367 0.02093453
0.01300710 0.02118412 0.01872470 0.02086231
0.01293538 0.02112619 0.01882744 0.02079041
0.01290611 0.02109180 0.01885593 0.02072258
0.01285618 0.02110068 0.01883293 0.02070580
0.01276785 0.02108423 0.01878610 0.02068420
0.01273110 0.02102852 0.01877542 0.02067652
0.01272953 0.02096139 0.01878955 0.02071655
0.01273923 0.02090739 0.01880566 0.02083584
0.01273259 0.02084075 0.01874159 0.02089436
0.01273296 0.02073222 0.01864722 0.02095245
0.01332338 0.02137182 0.01895221 0.02161014
0.01340280 0.02131483 0.01888975 0.02154442
0.01344973 0.02126331 0.01880477 0.02152488
0.01346591 0.02124011 0.01873591 0.02151506
0.01348040 0.02123280 0.01871062 0.02143081
0.01344091 0.02120919 0.01870824 0.02128237
0.01341710 0.02117698 0.01866782 0.02116870
0.01341927 0.02116669 0.01864242 0.02099477
0.01340587 0.02113526 0.01860650 0.02083955
0.01340152 0.02106033 0.01857492 0.02068442
0.01339213 0.02098261 0.01853412 0.02061862
0.01333467 0.02092990 0.01851279 0.02064009
0.01327617 0.02085755 0.01851067 0.02071987
0.01318930 0.02078384 0.01852626 0.02081973
0.01313584 0.02070016 0.01860012 0.02091449
0.01357935 0.02144027 0.01904841 0.02166390
0.01346652 0.02137508 0.01909559 0.02165766
0.01339560 0.02124232 0.01914854 0.02164132
0.01329218 0.02117794 0.01924604 0.02167097
0.01319344 0.02115211 0.01938117 0.02169693
0.01312014 0.02117692 0.01953515 0.02170833
0.01309770 0.02117604 0.01964330 0.02168179
0.01304018 0.02118955 0.01972912 0.02162123
0.01301391 0.02120938 0.01974963 0.02161840
0.01303018 0.02118360 0.01980714 0.02161365
0.01307341 0.02116647 0.01982455 0.02159525
0.01310686 0.02111758 0.01982275 0.02150185
0.01320356 0.02105638 0.01980375 0.02145021
0.01333200 0.02097582 0.01975828 0.02140707
0.01345554 0.02089783 0.01972393 0.02139576
0.01414093 0.02169980 0.02020815 0.02216304
0.01426168 0.02179690 0.02024520 0.02211691
0.01434753 0.02189533 0.02030161 0.02204056
0.01433929 0.02194553 0.02031490 0.02201666
0.01426741 0.02200296 0.02031250 0.02198588
0.01416891 0.02207140 0.02032871 0.02197760
0.01411967 0.02215872 0.02031737 0.02195802
0.01404719 0.02221698 0.02024928 0.02194301
0.01391717 0.02230061 0.02020726 0.02187686
0.01377286 0.02237953 0.02015296 0.02180741
0.01365318 0.02240723 0.02008187 0.02180882
0.01350840 0.02241420 0.02001644 0.02181341
0.01335346 0.02238758 0.01990507 0.02184789
0.01324422 0.02233246 0.01981825 0.02189919
0.01320949 0.02223944 0.01971362 0.02196901
0.01318161 0.02212348 0.01957489 0.02203997
0.01312634 0.02199120 0.01946661 0.02205861
0.01365002 0.02279634 0.01976627 0.02290684
0.01363121 0.02270861 0.01959749 0.02284103
0.01364608 0.02266249 0.01942565 0.02278419
0.01366708 0.02261767 0.01927617 0.02271516
0.01366923 0.02252816 0.01911223 0.02263520
0.01370692 0.02246181 0.01897442 0.02254173
0.01379115 0.02242223 0.01887186 0.02245563
0.01389027 0.02240022 0.01881627 0.02232869
0.01396166 0.02239967 0.01876978 0.02224422
0.01400038 0.02242491 0.01877932 0.02210924
0.01402633 0.02245675 0.01881886 0.02196192
0.01408898 0.02243367 0.01885127 0.02179187
0.01413521 0.02240062 0.01891032 0.02166171
0.01420835 0.02232473 0.01897464 0.02155643
0.01421433 0.02225117 0.01904099 0.02148189
0.01415347 0.02215146 0.01908286 0.02146598
0.01406046 0.02205181 0.01913397 0.02145090
0.01392421 0.02195295 0.01921537 0.02147811
0.01441780 0.02280467 0.01971732 0.02243678
0.01428850 0.02272889 0.01978659 0.02247792
0.01414270 0.02265655 0.01985013 0.02246833
0.01398490 0.02261828 0.01991921 0.02242882
0.01393348 0.02258709 0.01994560 0.02238278
0.01396011 0.02249866 0.01992265 0.02234926
0.01395728 0.02246027 0.01991523 0.02231875
0.01391556 0.02243244 0.01994110 0.02229388
0.01392657 0.02240768 0.02002150 0.02224209
0.01400892 0.02239986 0.02009302 0.02215977
0.01407410 0.02239208 0.02017883 0.02209535
0.01407072 0.02242094 0.02025442 0.02207880
0.01405493 0.02242658 0.02031356 0.02205165
0.01399760 0.02243285 0.02036937 0.02203053
0.01395172 0.02241953 0.02035636 0.02198501
0.01391346 0.02236628 0.02035460 0.02194180
0.01392611 0.02227132 0.02034435 0.02191737
0.01395789 0.02215561 0.02031064 0.02182989
0.01393689 0.02200909 0.02023684 0.02176005
0.01463386 0.02282058 0.02067961 0.02273376
0.01462520 0.02276622 0.02062483 0.02266022
0.01456075 0.02271883 0.02057419 0.02264039
0.01450686 0.02267330 0.02051443 0.02264180
0.01446291 0.02262387 0.02048271 0.02262203
0.01448339 0.02261516 0.02047648 0.02261142
0.01447427 0.02260852 0.02043060 0.02261257
0.01449496 0.02258141 0.02035554 0.02260878
0.01445202 0.02258004 0.02028367 0.02254895
0.01436282 0.02257865 0.02021505 0.02250495
0.01430045 0.02258360 0.02015483 0.02243861
0.01423671 0.02258312 0.02005271 0.02241071
0.01423626 0.02259661 0.01993309 0.02237730
0.01423355 0.02263210 0.01981925 0.02237725
0.01425544 0.02266152 0.01971720 0.02239199
0.01429142 0.02267597 0.01964580 0.02238807
0.01428387 0.02271250 0.01958375 0.02236741
0.01422035 0.02273573 0.01949357 0.02235031
0.01412705 0.02274900 0.01940570 0.02236952
0.01409162 0.02269333 0.01932152 0.02237945
0.01409603 0.02263840 0.01923992 0.02242407
0.01410490 0.02255498 0.01919446 0.02249601
0.01479787 0.02354792 0.01951508 0.02365093
0.01477996 0.02355657 0.01950971 0.02366662
0.01476690 0.02359244 0.01950860 0.02366717
0.01474530 0.02361600 0.01950798 0.02365657
0.01468384 0.02362738 0.01953231 0.02366442
0.01460539 0.02366385 0.01955478 0.02366328
0.01454634 0.02371401 0.01959675 0.02367243
0.01452994 0.02376796 0.01958724 0.02369368
0.01455556 0.02379231 0.01954312 0.02368125
0.01456952 0.02384081 0.01953781 0.02360705
0.01450832 0.02388534 0.01955985 0.02353762
0.01448646 0.02395362 0.01958432 0.02347374
0.01444140 0.02400746 0.01961067 0.02337388
0.01442147 0.02405825 0.01961045 0.02328478
0.01441578 0.02412052 0.01963913 0.02321094
0.01441416 0.02416785 0.01968117 0.02313158
0.01442173 0.02417993 0.01972072 0.02308612
0.01438143 0.02419471 0.01976269 0.02306386
0.01439540 0.02420702 0.01980606 0.02303341
0.01440800 0.02420261 0.01984506 0.02298473
0.01439532 0.02420341 0.01989987 0.02299065
0.01434502 0.02419293 0.01993352 0.02299050
0.01425741 0.02417384 0.01996199 0.02300271
0.01422061 0.02410477 0.02005568 0.02301602
0.01493100 0.02520026 0.02057082 0.02421232
0.01488592 0.02510797 0.02065482 0.02424259
0.01490352 0.02504856 0.02074402 0.02425483
0.01495457 0.02500400 0.02081161 0.02427449
0.01498210 0.02495246 0.02089163 0.02430661
0.01497310 0.02490444 0.02096506 0.02430562
0.01494317 0.02488970 0.02104687 0.02428588
0.01494784 0.02489294 0.02114323 0.02433516
0.01494349 0.02490540 0.02122577 0.02436740
0.01490259 0.02485923 0.02130874 0.02442090
0.01481628 0.02479742 0.02137876 0.02450514
0.01470174 0.02474947 0.02143639 0.02454828
0.01462254 0.02470974 0.02150429 0.02456057
0.01459646 0.02467482 0.02155798 0.02455381
0.01458771 0.02461538 0.02158546 0.02456845
0.01465966 0.02455869 0.02161374 0.02455610
0.01474644 0.02450215 0.02165413 0.02452648
0.01482765 0.02444630 0.02170556 0.02451438
0.01485025 0.02435359 0.02175039 0.02445629
0.01486443 0.02427588 0.02180121 0.02438981
0.01487518 0.02422775 0.02184979 0.02431539
0.01492220 0.02416639 0.02190182 0.02422163
0.01497719 0.02407889 0.02193017 0.02409581
0.01499035 0.02395805 0.02191595 0.02399536
0.01501337 0.02383363 0.02186419 0.02397200
0.01499742 0.02369697 0.02184722 0.02394601
0.01575934 0.02479479 0.02236402 0.02526888
0.01570142 0.02473508 0.02226598 0.02524526
0.01565025 0.02464754 0.02214942 0.02516610
0.01560552 0.02455339 0.02200138 0.02509554
0.01555660 0.02449007 0.02184859 0.02507278
0.01548556 0.02442933 0.02168913 0.02509613
0.01542538 0.02437821 0.02152592 0.02511604
0.01534732 0.02433893 0.02136535 0.02513730
0.01524237 0.02432044 0.02117111 0.02512677
0.01516734 0.02433790 0.02100276 0.02508837
0.01510821 0.02435610 0.02085760 0.02505369
0.01506656 0.02431998 0.02074794 0.02505250
0.01501440 0.02426532 0.02064303 0.02505566
0.01490988 0.02424090 0.02056268 0.02506816
0.01482706 0.02423189 0.02050087 0.02508486
0.01482295 0.02424461 0.02045287 0.02504902
0.01482522 0.02423996 0.02040640 0.02497659
0.01480123 0.02423437 0.02032826 0.02492063
0.01481218 0.02426358 0.02027303 0.02487576
0.01483478 0.02431837 0.02022530 0.02484627
0.01488459 0.02435750 0.02016153 0.02484285
0.01494514 0.02437258 0.02011498 0.02487289
0.01500379 0.02439384 0.02010488 0.02483212
0.01504560 0.02440903 0.02012460 0.02480947
0.01508746 0.02440325 0.02014770 0.02484547
0.01506934 0.02442238 0.02017891 0.02486001
0.01508653 0.02441059 0.02021289 0.02487175
0.01511750 0.02436672 0.02023348 0.02483108
0.01509029 0.02429184 0.02029506 0.02476072
0.01597696 0.02550983 0.02082853 0.02619078
0.01594505 0.02548404 0.02088956 0.02613802
0.01590319 0.02546869 0.02094185 0.02615855
0.01583768 0.02545904 0.02100135 0.02617769
0.01581321 0.02542566 0.02106115 0.02620844
0.01578824 0.02540968 0.02113674 0.02625378
0.01575177 0.02540708 0.02122590 0.02623444
0.01574721 0.02540127 0.02131125 0.02618845
0.01576582 0.02538473 0.02139088 0.02610300
0.01581884 0.02535044 0.02145760 0.02603422
0.01584736 0.02531298 0.02148497 0.02590665
0.01580968 0.02528445 0.02150601 0.02575095
0.01573816 0.02525737 0.02154680 0.02562515
0.01566137 0.02523390 0.02156765 0.02548784
0.01559491 0.02515718 0.02158343 0.02538091
0.01548801 0.02507126 0.02158542 0.02531689
0.01537078 0.02501592 0.02157046 0.02525403
0.01529609 0.02496045 0.02156400 0.02519376
0.01526483 0.02492513 0.02158513 0.02515262
0.01518711 0.02489585 0.02157726 0.02511512
0.01510871 0.02488076 0.02152547 0.02507022
0.01505396 0.02488409 0.02147881 0.02503140
0.01499693 0.02490782 0.02145555 0.02499008
0.01492979 0.02490013 0.02141784 0.02494100
0.01483977 0.02486903 0.02139276 0.02489425
0.01475487 0.02481642 0.02138501 0.02482281
0.01469181 0.02475716 0.02136131 0.02477168
0.01465236 0.02468608 0.02133714 0.02470717
0.01461510 0.02461725 0.02133005 0.02464370
0.01461452 0.02458466 0.02133891 0.02463958
0.01463762 0.02455978 0.02132910 0.02465843
0.01470833 0.02451687 0.02136431 0.02471176
0.01476349 0.02445931 0.02141845 0.02472203
0.01566399 0.02577944 0.02206935 0.02629580
0.01560226 0.02580416 0.02210143 0.02632791
0.01553776 0.02581982 0.02213970 0.02634108
0.01549979 0.02581005 0.02218977 0.02635558
0.01547094 0.02580221 0.02227141 0.02636599
0.01545710 0.02579273 0.02239847 0.02633278
0.01543122 0.02576925 0.02252178 0.02628967
0.01540947 0.02577182 0.02261703 0.02625472
0.01539399 0.02578984 0.02270478 0.02619026
0.01537261 0.02582397 0.02278500 0.02614773
0.01537895 0.02584933 0.02286683 0.02607067
0.01540301 0.02585859 0.02293961 0.02604981
0.01540095 0.02585346 0.02303130 0.02601809
0.01540637 0.02586272 0.02311994 0.02599247
0.01540885 0.02588593 0.02323792 0.02599271
0.01541617 0.02594157 0.02335348 0.02596645
0.01535304 0.02598928 0.02343246 0.02592715
0.01530736 0.02602186 0.02349023 0.02588361
0.01524996 0.02608307 0.02353760 0.02574872
0.01517160 0.02614600 0.02357391 0.02560722
0.01512514 0.02620624 0.02361074 0.02548178
0.01508280 0.02626448 0.02364032 0.02535023
0.01502065 0.02629450 0.02366673 0.02522618
0.01499547 0.02632940 0.02367816 0.02514295
0.01494357 0.02638428 0.02368799 0.02502478
0.01491518 0.02644857 0.02368675 0.02489520
0.01493657 0.02648759 0.02364517 0.02476031
0.01502310 0.02650418 0.02360111 0.02461338
0.01513029 0.02651349 0.02353497 0.02444154
0.01523167 0.02653671 0.02343361 0.02428163
0.01532825 0.02654616 0.02334544 0.02414215
0.01536471 0.02655937 0.02327350 0.02402422
0.01542091 0.02655662 0.02323576 0.02396093
0.01545710 0.02652807 0.02318177 0.02390127
0.01548015 0.02650869 0.02310456 0.02383075
0.01549145 0.02647754 0.02302653 0.02379881
0.01546943 0.02642882 0.02297670 0.02377411
0.01646880 0.02795274 0.02376442 0.02532295
0.01644738 0.02795678 0.02364947 0.02522219
0.01634826 0.02796232 0.02354353 0.02510781
0.01627304 0.02797588 0.02342579 0.02500151
0.01623106 0.02800251 0.02330183 0.02492988
0.01616042 0.02803731 0.02317603 0.02487340
0.01606451 0.02807046 0.02304152 0.02486697
0.01597376 0.02809881 0.02289085 0.02482960
0.01590063 0.02810204 0.02275183 0.02479781
0.01583847 0.02810715 0.02260056 0.02476769
0.01582444 0.02813140 0.02246945 0.02477869
0.01579397 0.02814563 0.02234256 0.02478496
0.01574306 0.02817173 0.02224498 0.02483808
0.01574205 0.02820087 0.02215502 0.02484011
0.01574363 0.02823013 0.02206087 0.02479600
0.01578806 0.02826238 0.02197173 0.02474163
0.01578632 0.02828806 0.02191231 0.02466156
0.01579822 0.02829754 0.02185709 0.02457661
0.01580167 0.02829119 0.02179078 0.02449659
0.01579192 0.02825858 0.02171769 0.02443674
0.01583904 0.02817961 0.02166326 0.02441961
0.01584076 0.02811666 0.02160157 0.02440746
0.01578857 0.02806240 0.02155250 0.02438921
0.01568372 0.02799554 0.02155511 0.02441411
0.01560029 0.02794066 0.02156487 0.02443989
0.01549875 0.02787439 0.02155883 0.02442639
0.01534504 0.02782295 0.02155379 0.02443465
0.01522231 0.02777444 0.02154290 0.02446450
0.01513861 0.02772239 0.02153531 0.02449935
0.01509192 0.02766836 0.02153281 0.02453835
0.01506249 0.02759847 0.02154637 0.02460107
0.01506003 0.02752211 0.02156167 0.02461555
0.01504633 0.02745847 0.02158195 0.02459164
0.01503807 0.02741856 0.02157559 0.02455336
0.01499879 0.02736456 0.02156273 0.02450609
0.01498641 0.02730294 0.02154911 0.02444323
0.01499824 0.02723330 0.02150577 0.02437112
0.01501668 0.02714974 0.02147407 0.02431341
0.01506131 0.02706166 0.02143998 0.02426958
0.01514490 0.02694592 0.02140493 0.02426190
0.01527271 0.02681171 0.02140715 0.02425033
0.01647758 0.02823606 0.02227577 0.02597592
0.01663675 0.02817834 0.02227839 0.02593087
0.01674792 0.02812834 0.02229039 0.02593590
0.01679917 0.02810543 0.02230463 0.02594058
0.01684981 0.02809623 0.02230195 0.02595821
0.01689186 0.02807619 0.02231447 0.02595043
0.01692029 0.02807449 0.02235457 0.02597341
0.01693550 0.02804766 0.02239786 0.02599506
0.01694848 0.02801919 0.02242295 0.02600890
0.01692100 0.02795361 0.02246044 0.02604345
0.01692049 0.02787050 0.02250515 0.02611206
0.01694947 0.02776276 0.02254850 0.02614713
0.01694210 0.02764755 0.02257598 0.02616776
0.01694211 0.02751325 0.02260271 0.02620104
0.01692284 0.02737888 0.02263767 0.02622787
0.01693613 0.02725953 0.02268090 0.02626221
0.01694345 0.02715602 0.02274038 0.02630536
0.01693675 0.02704233 0.02278841 0.02636366
0.01691787 0.02691616 0.02284945 0.02642127
0.01690982 0.02680165 0.02291942 0.02646182
0.01692917 0.02669445 0.02299756 0.02649894
0.01694876 0.02660186 0.02308326 0.02648909
0.01695208 0.02651731 0.02317877 0.02644125
0.01696980 0.02645268 0.02329248 0.02639185
0.01697647 0.02639058 0.02339811 0.02632574
0.01698892 0.02627096 0.02349878 0.02626714
0.01698298 0.02615014 0.02359807 0.02616762
0.01692446 0.02606680 0.02370890 0.02607503
0.01680863 0.02599560 0.02382102 0.02599845
0.01669334 0.02596931 0.02392687 0.02592510
0.01659996 0.02593613 0.02401214 0.02581784
0.01647129 0.02589372 0.02406151 0.02569335
0.01636000 0.02585223 0.02406867 0.02558381
0.01631838 0.02584779 0.02406102 0.02549520
0.01628489 0.02584682 0.02407364 0.02539229
0.01623790 0.02586365 0.02406883 0.02531713
0.01620558 0.02585966 0.02402707 0.02528598
0.01623052 0.02583785 0.02397273 0.02525356
0.01625879 0.02581730 0.02392696 0.02519829
0.01624634 0.02581424 0.02387374 0.02518547
0.01622501 0.02580420 0.02382880 0.02518523
0.01616839 0.02579629 0.02377120 0.02516740
0.01608502 0.02577876 0.02371903 0.02513331
0.01600587 0.02575266 0.02370341 0.02509752
0.01593684 0.02573190 0.02367354 0.02505254
0.01586830 0.02571947 0.02365098 0.02500490
0.01581265 0.02569231 0.02365016 0.02499471
0.01576072 0.02566515 0.02366864 0.02498914
0.01682184 0.02719225 0.02483629 0.02697820
0.01679067 0.02723949 0.02482995 0.02698671
0.01675882 0.02728277 0.02483424 0.02697177
0.01673455 0.02734852 0.02481723 0.02689902
0.01671070 0.02740689 0.02477590 0.02687162
0.01665925 0.02747206 0.02471878 0.02688751
0.01653747 0.02754032 0.02468399 0.02690693
0.01646863 0.02762504 0.02465435 0.02693330
0.01641161 0.02770199 0.02464205 0.02696797
0.01633453 0.02778941 0.02465731 0.02696741
0.01622832 0.02787848 0.02464381 0.02697129
0.01609554 0.02796376 0.02462680 0.02702740
0.01594764 0.02806117 0.02458823 0.02708064
0.01580217 0.02814709 0.02455279 0.02714199
0.01566703 0.02822682 0.02450301 0.02722110
0.01557342 0.02830012 0.02443665 0.02731018
0.01549184 0.02836640 0.02438816 0.02740017
0.01548644 0.02841201 0.02435097 0.02750693
0.01548476 0.02844727 0.02435024 0.02763325
0.01552017 0.02847731 0.02434874 0.02780007
0.01552399 0.02852786 0.02433763 0.02795479
0.01552835 0.02859235 0.02430745 0.02808449
0.01552805 0.02866279 0.02426754 0.02821297
0.01555685 0.02871814 0.02423049 0.02836531
0.01559817 0.02875444 0.02421091 0.02845901
0.01563361 0.02877377 0.02419082 0.02853377
0.01564684 0.02879150 0.02417404 0.02858526
0.01566647 0.02880681 0.02415124 0.02862016
0.01570933 0.02880827 0.02414499 0.02866002
0.01573798 0.02882173 0.02413049 0.02872253
0.01580914 0.02882019 0.02409305 0.02879412
0.01587587 0.02881409 0.02406042 0.02887477
0.01592823 0.02882902 0.02402967 0.02897065
0.01596398 0.02885068 0.02402332 0.02900469
0.01599458 0.02886567 0.02402068 0.02900955
0.01601308 0.02888442 0.02401712 0.02896744
0.01602107 0.02888777 0.02399102 0.02889039
0.01600826 0.02889828 0.02394248 0.02885125
0.01601902 0.02888881 0.02389762 0.02882397
0.01606977 0.02889372 0.02385595 0.02875948
0.01615413 0.02892296 0.02383362 0.02864969
0.01621455 0.02894703 0.02381434 0.02853434
0.01627861 0.02895304 0.02379767 0.02842149
0.01635281 0.02893602 0.02377796 0.02830109
0.01641936 0.02891413 0.02376092 0.02814828
0.01647823 0.02891242 0.02373664 0.02801415
0.01652652 0.02890596 0.02370800 0.02792136
0.01655965 0.02889427 0.02369646 0.02785568
0.01659347 0.02890010 0.02370386 0.02782213
0.01661417 0.02888384 0.02370721 0.02777691
0.01662413 0.02884178 0.02371007 0.02777488
0.01661693 0.02879097 0.02372082 0.02776648
0.01660329 0.02873465 0.02370896 0.02776289
0.01659543 0.02866073 0.02371979 0.02771373
0.01661651 0.02857423 0.02373992 0.02764265
0.01778671 0.03039548 0.02504330 0.02996544
0.01783365 0.03037199 0.02500258 0.02986472
0.01782735 0.03033947 0.02495941 0.02976699
0.01782803 0.03030163 0.02491738 0.02967929
0.01783064 0.03022668 0.02488189 0.02956437
0.01782829 0.03015848 0.02485377 0.02944942
0.01783684 0.03009817 0.02481524 0.02935878
0.01784233 0.03005724 0.02478546 0.02926994
0.01783698 0.03001148 0.02476549 0.02915106
0.01783244 0.02997982 0.02476755 0.02908391
0.01780296 0.02995861 0.02476716 0.02904980
0.01776977 0.02995523 0.02478463 0.02901795
0.01775874 0.02996325 0.02480040 0.02897863
0.01774956 0.02996519 0.02479377 0.02893240
0.01774833 0.02995176 0.02479761 0.02886929
0.01769705 0.02995032 0.02478983 0.02879943
0.01764564 0.02993667 0.02475984 0.02875816
0.01759159 0.02993607 0.02472094 0.02872424
0.01751678 0.02993295 0.02468849 0.02869848
0.01746708 0.02990603 0.02466241 0.02868148
0.01742867 0.02989533 0.02461053 0.02868392
0.01739647 0.02988788 0.02453457 0.02867066
0.01737168 0.02987510 0.02444594 0.02863989
0.01731191 0.02984279 0.02435058 0.02860847
0.01724345 0.02983127 0.02423357 0.02859870
0.01719824 0.02981432 0.02414113 0.02863440
0.01713756 0.02979899 0.02403899 0.02865588
0.01705041 0.02979889 0.02395587 0.02869254
0.01696036 0.02978320 0.02389292 0.02873669
0.01687626 0.02975286 0.02384419 0.02878378
0.01678345 0.02973307 0.02381204 0.02884492
0.01668613 0.02970559 0.02376865 0.02890532
0.01659421 0.02969985 0.02370260 0.02894485
0.01651278 0.02971764 0.02363684 0.02899930
0.01646491 0.02973888 0.02358048 0.02905466
0.01641166 0.02976538 0.02352856 0.02909876
0.01631754 0.02978666 0.02347797 0.02914733
0.01619243 0.02978046 0.02344103 0.02923331
0.01606641 0.02976406 0.02339711 0.02933762
0.01592657 0.02976191 0.02335675 0.02943008
0.01574349 0.02976844 0.02333926 0.02949935
0.01556249 0.02978220 0.02333027 0.02956641
0.01541709 0.02981175 0.02332032 0.02962644
0.01531207 0.02984402 0.02330785 0.02963546
0.01517436 0.02984942 0.02329446 0.02963879
0.01505577 0.02985119 0.02326289 0.02965256
0.01494494 0.02986740 0.02323051 0.02963708
0.01483360 0.02987843 0.02321632 0.02960987
0.01471522 0.02990297 0.02320452 0.02958383
0.01456746 0.02993257 0.02317113 0.02954975
0.01443821 0.02995364 0.02312594 0.02955259
0.01433209 0.02995612 0.02309436 0.02958489
0.01423307 0.02994959 0.02306685 0.02960180
0.01413718 0.02995032 0.02303928 0.02961077
0.01405834 0.02994796 0.02301298 0.02961187
0.01399423 0.02993035 0.02298679 0.02962513
0.01392261 0.02990674 0.02294755 0.02963025
0.01386938 0.02987921 0.02289161 0.02966762
0.01382265 0.02985448 0.02284525 0.02967824
0.01379206 0.02981103 0.02279056 0.02971231
0.01375799 0.02976121 0.02274602 0.02974073
0.01374143 0.02968699 0.02270824 0.02975725
0.01373652 0.02959345 0.02269401 0.02975097
0.01376588 0.02949392 0.02270409 0.02972049
0.01458110 0.03135048 0.02401442 0.03253142
0.01465362 0.03137271 0.02398733 0.03252258
0.01473448 0.03137549 0.02395503 0.03250430
0.01481628 0.03136361 0.02392271 0.03245094
0.01491630 0.03136079 0.02388118 0.03233349
0.01504248 0.03136854 0.02383881 0.03225830
0.01514304 0.03136795 0.02379746 0.03214623
0.01525960 0.03134999 0.02378183 0.03201429
0.01539118 0.03133083 0.02377312 0.03186583
0.01553603 0.03131669 0.02376533 0.03174169
0.01570427 0.03129377 0.02374491 0.03159474
0.01587666 0.03129374 0.02374430 0.03145564
0.01608250 0.03130458 0.02374001 0.03133865
0.01628649 0.03132505 0.02372248 0.03122431
0.01648592 0.03136474 0.02368464 0.03105685
0.01669390 0.03141123 0.02364469 0.03088032
0.01687931 0.03145112 0.02360806 0.03074705
0.01704186 0.03147853 0.02358262 0.03064096
0.01719112 0.03150359 0.02356407 0.03051881
0.01735793 0.03153843 0.02355033 0.03036897
0.01751871 0.03157089 0.02355126 0.03019984
0.01767431 0.03159731 0.02355998 0.03001571
0.01782597 0.03164810 0.02356467 0.02983108
0.01797292 0.03169709 0.02356080 0.02965379
0.01811203 0.03173446 0.02357248 0.02949933
0.01824718 0.03176717 0.02359787 0.02934471
0.01837566 0.03178548 0.02363583 0.02920571
0.01850004 0.03180546 0.02368517 0.02906298
0.01861082 0.03182461 0.02373805 0.02895184
0.01869054 0.03184235 0.02378225 0.02885765
0.01873061 0.03185719 0.02383907 0.02876736
0.01878253 0.03186115 0.02389291 0.02870091
0.01882569 0.03186390 0.02396114 0.02865350
0.01886507 0.03187700 0.02403599 0.02863374
0.01890516 0.03189769 0.02411688 0.02860670
0.01892370 0.03192777 0.02419909 0.02860525
0.01893671 0.03194722 0.02426524 0.02861440
0.01893104 0.03195753 0.02432261 0.02861969
0.01891650 0.03197006 0.02436779 0.02863987
0.01890464 0.03197981 0.02440463 0.02866362
0.01889763 0.03198052 0.02443398 0.02868224
0.01884166 0.03198419 0.02446910 0.02867637
0.01875290 0.03199943 0.02450955 0.02865863
0.01867131 0.03201280 0.02455694 0.02863124
0.01861739 0.03203111 0.02460002 0.02861117
0.01861481 0.03205206 0.02464280 0.02857947
0.01863077 0.03203989 0.02469884 0.02855314
0.01868103 0.03200623 0.02474562 0.02853378
0.01868058 0.03199018 0.02479504 0.02850626
0.01864229 0.03199754 0.02484391 0.02848123
0.01858714 0.03200914 0.02491142 0.02846006
0.01849632 0.03202766 0.02499374 0.02842713
0.01840955 0.03205023 0.02508087 0.02838536
0.01833965 0.03205661 0.02518388 0.02835645
0.01830379 0.03206093 0.02528797 0.02832754
0.01824424 0.03208505 0.02540012 0.02830100
0.01822094 0.03211363 0.02552670 0.02828184
0.01818999 0.03212776 0.02566763 0.02827239
0.01812882 0.03214124 0.02581700 0.02828737
0.01806049 0.03216396 0.02595168 0.02831628
0.01798156 0.03218482 0.02607096 0.02835609
0.01791916 0.03219068 0.02617201 0.02838113
0.01784150 0.03216717 0.02627534 0.02840975
0.01776042 0.03216350 0.02637682 0.02846101
0.01767370 0.03215956 0.02646085 0.02848396
0.01762980 0.03214411 0.02651362 0.02850165
0.01759169 0.03210453 0.02656943 0.02850057
0.01753615 0.03205559 0.02663111 0.02848440
0.01750170 0.03200283 0.02668056 0.02850271
0.01747288 0.03193074 0.02671947 0.02850665
0.01744729 0.03183871 0.02676126 0.02850354
0.01741377 0.03175601 0.02677656 0.02850135
0.01734898 0.03165888 0.02677857 0.02849477
0.01724889 0.03154193 0.02676674 0.02848906
0.01714480 0.03142632 0.02677114 0.02849963
0.01706764 0.03130182 0.02677075 0.02849835
0.01815451 0.03329037 0.02874267 0.03143113
0.01804130 0.03325247 0.02873247 0.03143457
0.01790951 0.03322319 0.02873205 0.03147554
0.01779293 0.03320010 0.02872845 0.03152136
0.01768921 0.03318583 0.02872045 0.03157913
0.01761648 0.03316942 0.02871797 0.03164238
0.01755061 0.03314774 0.02871525 0.03166301
0.01754092 0.03310468 0.02870975 0.03169649
0.01752865 0.03306840 0.02870678 0.03173073
0.01751004 0.03304946 0.02871114 0.03176510
0.01747847 0.03301617 0.02870554 0.03175382
0.01742295 0.03298751 0.02869008 0.03174482
0.01739878 0.03295805 0.02866839 0.03169313
0.01738085 0.03293037 0.02862208 0.03163891
0.01732998 0.03289603 0.02857712 0.03153773
0.01727630 0.03284479 0.02852732 0.03142153
0.01721395 0.03278776 0.02844805 0.03131484
0.01719066 0.03272632 0.02838285 0.03123470
0.01718116 0.03264326 0.02833107 0.03113733
0.01714052 0.03255795 0.02827543 0.03104328
0.01707732 0.03248412 0.02822088 0.03098434
0.01702604 0.03241396 0.02815905 0.03093402
0.01697391 0.03235000 0.02808767 0.03090936
0.01693425 0.03230499 0.02803174 0.03084455
0.01691141 0.03224904 0.02798523 0.03078861
0.01688612 0.03219347 0.02793593 0.03075793
0.01683983 0.03215194 0.02788446 0.03075497
0.01678469 0.03212220 0.02783885 0.03073190
0.01675724 0.03209293 0.02779171 0.03069324
0.01669869 0.03206980 0.02773503 0.03064150
0.01664421 0.03203751 0.02767875 0.03056382
0.01657130 0.03200596 0.02763859 0.03048291
0.01649237 0.03198821 0.02758979 0.03035571
0.01643271 0.03196653 0.02754459 0.03026185
0.01636282 0.03193152 0.02749373 0.03018220
0.01629934 0.03188823 0.02743196 0.03011370
0.01622212 0.03182385 0.02736204 0.03005496
0.01614986 0.03175625 0.02729047 0.02998287
0.01608277 0.03169849 0.02722874 0.02993486
0.01603740 0.03163439 0.02718176 0.02986823
0.01600625 0.03156131 0.02713804 0.02980290
0.01599986 0.03147793 0.02708700 0.02976216
0.01600930 0.03139167 0.02703854 0.02974067
0.01600832 0.03132031 0.02698844 0.02972289
0.01601148 0.03125987 0.02695213 0.02972107
0.01601105 0.03120586 0.02691755 0.02970450
0.01600697 0.03116624 0.02688265 0.02971872
0.01602010 0.03112775 0.02683699 0.02973067
0.01604556 0.03109145 0.02678212 0.02973860
0.01606481 0.03105283 0.02672839 0.02972992
0.01607757 0.03101117 0.02668243 0.02971500
0.01610205 0.03096345 0.02662759 0.02968928
0.01612185 0.03092299 0.02657783 0.02964355
0.01614251 0.03089187 0.02653821 0.02960613
0.01616750 0.03085946 0.02649038 0.02956462
0.01622687 0.03082274 0.02645937 0.02953323
0.01628846 0.03079840 0.02642416 0.02948687
0.01637533 0.03076508 0.02637746 0.02942817
0.01647371 0.03069818 0.02632103 0.02937273
0.01656834 0.03060897 0.02625085 0.02933970
0.01664836 0.03053420 0.02618463 0.02930623
0.01669706 0.03047431 0.02611614 0.02926448
0.01672063 0.03040862 0.02608145 0.02923189
0.01673113 0.03034544 0.02606783 0.02921488
0.01676112 0.03029487 0.02606751 0.02920443
0.01681153 0.03025910 0.02605728 0.02918591
0.01683881 0.03022061 0.02603310 0.02914778
0.01683972 0.03018566 0.02600303 0.02911924
0.01682308 0.03015364 0.02596208 0.02909949
0.01682361 0.03012699 0.02591107 0.02909048
0.01685592 0.03009609 0.02585851 0.02909542
0.01689912 0.03008434 0.02580435 0.02909459
0.01696418 0.03007667 0.02575046 0.02911120
0.01701786 0.03006725 0.02566980 0.02910954
0.01708317 0.03005198 0.02558522 0.02910449
0.01717137 0.03001455 0.02550203 0.02907788
0.01725108 0.02997202 0.02542157 0.02904746
0.01732373 0.02993163 0.02533578 0.02900073
0.01738543 0.02989332 0.02524962 0.02896621
0.01745443 0.02985221 0.02517555 0.02891681
0.01751554 0.02979008 0.02509667 0.02884913
0.01758051 0.02973164 0.02501264 0.02879817
0.01763349 0.02967957 0.02492991 0.02873744
0.01765677 0.02963844 0.02486495 0.02870270
0.01768085 0.02957854 0.02479710 0.02865179
0.01772535 0.02950483 0.02472768 0.02860530
0.01775636 0.02943243 0.02465773 0.02856975
0.01780122 0.02933243 0.02460547 0.02853891
0.01785514 0.02920930 0.02458251 0.02850236
0.01792214 0.02907769 0.02458236 0.02847846
0.01797009 0.02894030 0.02457939 0.02842350
0.00057223 0.00085040 0.00077468 0.00084048
