#time   msd   diff_coeff 
5 3.56114 0.356114
10 6.5959 0.329795
15 9.70283 0.323428
20 12.9508 0.32377
25 16.1829 0.323658
30 19.4016 0.32336
35 22.6508 0.323583
40 25.9436 0.324295
45 29.3109 0.325677
50 32.7282 0.327282
55 36.0887 0.328079
60 39.3978 0.328315
65 42.7213 0.328625
70 46.129 0.329493
75 49.6047 0.330698
80 53.0501 0.331563
85 56.4774 0.33222
90 60.0204 0.333447
95 63.5492 0.334469
100 66.9819 0.334909
105 70.3564 0.33503
110 73.7616 0.33528
115 77.1405 0.335393
120 80.5005 0.335419
125 83.7796 0.335118
130 87.0126 0.334664
135 90.2064 0.334098
140 93.5794 0.334212
145 96.9855 0.334433
150 100.427 0.334757
155 103.99 0.335452
160 107.56 0.336125
165 111.268 0.337176
170 115.026 0.338312
175 118.826 0.339503
180 122.673 0.340758
185 126.497 0.341884
190 130.253 0.342771
195 133.966 0.343503
200 137.7 0.34425
205 141.494 0.345107
210 145.404 0.3462
215 149.491 0.347653
220 153.474 0.348805
225 157.441 0.349869
230 161.418 0.350909
235 165.214 0.351519
240 168.839 0.351748
245 172.52 0.352082
250 176.318 0.352636
255 180.034 0.353008
260 183.661 0.353194
265 187.23 0.353264
270 190.985 0.353676
275 194.762 0.354113
280 198.544 0.354543
285 202.419 0.355121
290 206.341 0.35576
295 210.332 0.356495
300 214.454 0.357423
305 218.505 0.358205
310 222.635 0.359089
315 226.874 0.360117
320 231.084 0.361069
325 235.188 0.361828
330 239.236 0.362479
335 243.536 0.363487
340 247.855 0.364493
345 252.193 0.365497
350 256.479 0.366399
355 260.744 0.367245
360 265.026 0.368092
365 269.266 0.368858
370 273.435 0.369507
375 277.688 0.370251
380 282.121 0.371212
385 286.572 0.372171
390 291.039 0.373127
395 295.401 0.373925
400 299.771 0.374714
405 304.202 0.375558
410 308.616 0.376361
415 312.995 0.377102
420 317.386 0.37784
425 321.965 0.378782
430 326.696 0.379879
435 331.377 0.380893
440 336.192 0.382036
445 341.066 0.38322
450 345.951 0.38439
455 350.975 0.385687
460 356.129 0.387097
465 361.452 0.388658
470 366.929 0.39035
475 372.449 0.392052
480 378.03 0.393781
485 383.558 0.395421
490 389.057 0.396997
495 394.499 0.398484
500 400.004 0.400004
505 405.484 0.401469
510 410.918 0.402861
515 416.421 0.404292
520 421.853 0.405628
525 427.236 0.406891
530 432.619 0.408131
535 438.222 0.409553
540 443.889 0.411008
545 449.515 0.412399
550 455.152 0.413775
555 460.896 0.415222
560 466.681 0.416679
565 472.367 0.418024
570 477.991 0.41929
575 483.702 0.42061
580 489.526 0.422005
585 495.465 0.423474
590 501.505 0.425004
595 507.618 0.42657
600 513.731 0.428109
605 519.869 0.429644
610 525.915 0.431078
615 531.937 0.432469
620 537.918 0.433805
625 544.041 0.435233
630 550.335 0.436774
635 556.669 0.438322
640 562.995 0.43984
645 569.23 0.441264
650 575.306 0.442543
655 581.336 0.443768
660 587.367 0.444975
665 593.289 0.446082
670 599.071 0.447068
675 604.847 0.448035
680 610.505 0.448901
685 616.09 0.449701
690 621.638 0.450462
695 627.122 0.451167
700 632.697 0.451926
705 638.309 0.452701
710 643.894 0.453446
715 649.428 0.454145
720 655.052 0.454897
725 660.645 0.455617
730 666.136 0.456258
735 671.584 0.45686
740 677.037 0.457457
745 682.568 0.458099
750 688.129 0.458753
755 693.789 0.459463
760 699.478 0.460183
765 705.271 0.460961
770 711.196 0.461816
775 717.196 0.462707
780 723.158 0.463563
785 729.064 0.464372
790 734.981 0.465178
795 740.921 0.465988
800 746.796 0.466748
805 752.735 0.467537
810 758.715 0.468343
815 764.603 0.469082
820 770.428 0.469773
825 776.346 0.470513
830 782.41 0.471331
835 788.384 0.472086
840 794.414 0.472865
845 800.321 0.473563
850 806.213 0.474243
855 812.134 0.474932
860 818.062 0.475617
865 823.982 0.47629
870 829.826 0.476911
875 835.657 0.477518
880 841.567 0.478163
885 847.457 0.478789
890 853.428 0.479454
895 859.298 0.480055
900 865.156 0.480642
905 871.074 0.481256
910 877.07 0.481907
915 883.194 0.48262
920 889.455 0.483399
925 895.856 0.484246
930 902.314 0.485115
935 908.736 0.485955
940 915.149 0.486781
945 921.345 0.487484
950 927.529 0.488173
955 933.669 0.488832
960 939.738 0.489447
965 945.834 0.490069
970 951.969 0.490706
975 958.109 0.491338
980 964.209 0.491943
985 970.291 0.492534
990 976.321 0.493091
995 982.301 0.493619
1000 988.287 0.494144
1005 994.238 0.494646
1010 1000.12 0.495109
1015 1005.98 0.495557
1020 1011.83 0.495995
1025 1017.77 0.496473
1030 1023.79 0.496985
1035 1029.88 0.497527
1040 1035.88 0.498019
1045 1041.94 0.498536
1050 1047.95 0.499024
1055 1054.05 0.49955
1060 1060.14 0.500066
1065 1066.18 0.500554
1070 1072.25 0.501051
1075 1078.36 0.501563
1080 1084.4 0.502037
1085 1090.32 0.502452
1090 1096.13 0.502812
1095 1101.88 0.503142
1100 1107.55 0.503432
1105 1113.28 0.503747
1110 1118.95 0.504032
1115 1124.58 0.504296
1120 1130.27 0.504585
1125 1135.87 0.504831
1130 1141.48 0.50508
1135 1147.2 0.505374
1140 1152.99 0.505697
1145 1158.61 0.505943
1150 1164.13 0.506143
1155 1169.52 0.506286
1160 1174.81 0.506384
1165 1180.13 0.506494
1170 1185.36 0.506564
1175 1190.56 0.506621
1180 1195.75 0.506674
1185 1200.9 0.506709
1190 1206.1 0.506765
1195 1211.41 0.506866
1200 1216.72 0.506967
1205 1221.96 0.507037
1210 1227.31 0.507153
1215 1232.76 0.507309
1220 1238.17 0.507447
1225 1243.58 0.507584
1230 1248.89 0.507679
1235 1254.14 0.507749
1240 1259.41 0.507827
1245 1264.66 0.507896
1250 1269.91 0.507964
1255 1275.3 0.508088
1260 1280.67 0.508202
1265 1286.05 0.50832
1270 1291.31 0.50839
1275 1296.5 0.508431
1280 1301.67 0.508465
1285 1306.91 0.508525
1290 1312.24 0.50862
1295 1317.54 0.508703
1300 1322.88 0.5088
1305 1328.18 0.508881
1310 1333.42 0.508939
1315 1338.62 0.508981
1320 1343.79 0.509011
1325 1349.01 0.50906
1330 1354.21 0.509102
1335 1359.29 0.509097
1340 1364.39 0.509101
1345 1369.35 0.509052
1350 1374.24 0.508978
1355 1379.13 0.508904
1360 1384.13 0.508871
1365 1388.93 0.508766
1370 1393.71 0.508653
1375 1398.44 0.508524
1380 1403.14 0.508384
1385 1407.92 0.508274
1390 1412.71 0.508169
1395 1417.51 0.508068
1400 1422.32 0.507971
1405 1426.92 0.507801
1410 1431.31 0.507557
1415 1435.58 0.507272
1420 1439.7 0.506937
1425 1443.83 0.506607
1430 1447.82 0.506231
1435 1451.78 0.505847
1440 1455.79 0.505483
1445 1459.79 0.505118
1450 1463.89 0.50479
1455 1468 0.504467
1460 1472.1 0.504144
1465 1476.15 0.503805
1470 1480.07 0.503425
1475 1483.93 0.503027
1480 1487.81 0.502639
1485 1491.8 0.50229
1490 1495.69 0.501909
1495 1499.58 0.501532
1500 1503.45 0.50115
1505 1507.44 0.500811
1510 1511.47 0.500487
1515 1515.57 0.500188
1520 1519.58 0.499862
1525 1523.58 0.499534
1530 1527.75 0.499265
1535 1531.93 0.499
1540 1536.07 0.498724
1545 1540.26 0.498466
1550 1544.39 0.49819
1555 1548.55 0.497926
1560 1552.72 0.497667
1565 1556.87 0.497403
1570 1561.04 0.497146
1575 1565.22 0.496895
1580 1569.35 0.49663
1585 1573.61 0.496407
1590 1577.9 0.496195
1595 1582.13 0.495966
1600 1586.47 0.495772
1605 1590.71 0.495548
1610 1594.83 0.495289
1615 1598.95 0.495031
1620 1603.17 0.494806
1625 1607.36 0.494572
1630 1611.58 0.49435
1635 1615.91 0.494162
1640 1620.24 0.493976
1645 1624.53 0.493778
1650 1629.01 0.493639
1655 1633.59 0.493532
1660 1638.23 0.493443
1665 1642.75 0.493318
1670 1647.28 0.493198
1675 1651.75 0.49306
1680 1656.08 0.492881
1685 1660.34 0.492682
1690 1664.59 0.492482
1695 1668.78 0.492265
1700 1672.95 0.492044
1705 1677.14 0.49183
1710 1681.32 0.491614
1715 1685.31 0.491344
1720 1689.22 0.491052
1725 1693.14 0.490765
1730 1696.93 0.490442
1735 1700.74 0.490127
1740 1704.31 0.489744
1745 1707.84 0.489352
1750 1711.48 0.488994
1755 1715.17 0.488652
1760 1718.95 0.488338
1765 1722.83 0.488054
1770 1726.73 0.487777
1775 1730.59 0.48749
1780 1734.38 0.487185
1785 1738.05 0.486849
1790 1741.76 0.486525
1795 1745.48 0.486206
1800 1749.22 0.485894
1805 1752.93 0.485576
1810 1756.64 0.48526
1815 1760.43 0.484967
1820 1764.21 0.484673
1825 1768.03 0.484392
1830 1771.74 0.484082
1835 1775.49 0.483785
1840 1779.14 0.483462
1845 1782.7 0.483117
1850 1786.13 0.482738
1855 1789.47 0.482337
1860 1792.86 0.481952
1865 1796.16 0.481544
1870 1799.5 0.48115
1875 1802.83 0.480755
1880 1806.03 0.480327
1885 1809.28 0.479915
1890 1812.63 0.479532
1895 1816.17 0.479201
1900 1819.81 0.478897
1905 1823.38 0.478577
1910 1827.05 0.478285
1915 1830.86 0.478031
1920 1834.53 0.477742
1925 1838.17 0.477447
1930 1841.63 0.477106
1935 1845.09 0.476767
1940 1848.59 0.476441
1945 1852.28 0.476165
1950 1856.05 0.47591
1955 1859.89 0.475675
1960 1863.78 0.475454
1965 1867.62 0.475221
1970 1871.27 0.474942
1975 1874.95 0.474671
1980 1878.68 0.474414
1985 1882.37 0.474149
1990 1885.91 0.473847
1995 1889.2 0.473484
2000 1892.24 0.47306
2005 1895.2 0.472618
2010 1898.06 0.472154
2015 1901.02 0.471717
2020 1903.99 0.471285
2025 1907 0.470864
2030 1909.9 0.470419
2035 1912.77 0.469968
2040 1915.65 0.469522
2045 1918.63 0.469103
2050 1921.59 0.46868
2055 1924.4 0.468224
2060 1927.18 0.467762
2065 1929.86 0.467278
2070 1932.16 0.466705
2075 1934.09 0.466046
2080 1936.19 0.46543
2085 1938.34 0.46483
2090 1940.61 0.464261
2095 1942.95 0.463711
2100 1945.24 0.463152
2105 1947.42 0.46257
2110 1949.74 0.462024
2115 1952.15 0.461501
2120 1954.7 0.461014
2125 1957.47 0.460581
2130 1960.3 0.460164
2135 1963.14 0.459752
2140 1965.93 0.459329
2145 1968.72 0.458909
2150 1971.4 0.458465
2155 1974.14 0.458037
2160 1976.97 0.457632
2165 1979.74 0.457215
2170 1982.27 0.456744
2175 1984.6 0.45623
2180 1986.98 0.455729
2185 1989.7 0.455309
2190 1992.71 0.454957
2195 1995.8 0.454624
2200 1998.91 0.454298
2205 2002.07 0.453984
2210 2005.38 0.453706
2215 2008.71 0.453433
2220 2012.07 0.453169
2225 2015.46 0.452912
2230 2018.91 0.45267
2235 2022.26 0.452407
2240 2025.45 0.452109
2245 2028.63 0.451811
2250 2031.8 0.451511
2255 2034.93 0.451204
2260 2038.17 0.450923
2265 2041.41 0.450642
2270 2044.79 0.450394
2275 2048.12 0.450136
2280 2051.47 0.449884
2285 2054.86 0.449641
2290 2058.22 0.449393
2295 2061.59 0.449148
2300 2064.84 0.448878
2305 2068.13 0.448618
2310 2071.43 0.448361
2315 2074.43 0.448041
2320 2077.27 0.447688
2325 2080 0.447312
2330 2082.94 0.446983
2335 2085.87 0.446653
2340 2088.59 0.44628
2345 2091.5 0.445949
2350 2094.59 0.445657
2355 2097.87 0.445408
2360 2101.24 0.445178
2365 2104.57 0.444941
2370 2107.83 0.44469
2375 2111.11 0.444444
2380 2114.53 0.444229
2385 2117.95 0.444015
2390 2121.66 0.443862
2395 2125.43 0.443722
2400 2129.27 0.443598
2405 2132.87 0.443424
2410 2136.38 0.443232
2415 2139.74 0.44301
2420 2143.28 0.442826
2425 2147.07 0.442695
2430 2150.73 0.442537
2435 2154.33 0.442368
2440 2157.85 0.442182
2445 2161.45 0.442014
2450 2164.88 0.441812
2455 2168.14 0.441576
2460 2171.43 0.441348
2465 2174.84 0.441144
2470 2178.34 0.44096
2475 2181.76 0.44076
2480 2184.92 0.440508
2485 2188.12 0.440266
2490 2191.28 0.440016
2495 2194.34 0.439747
2500 2197.43 0.439486
2505 2200.53 0.439228
2510 2203.5 0.438944
2515 2206.47 0.438662
2520 2209.35 0.438363
2525 2212.15 0.43805
2530 2214.8 0.437708
2535 2217.47 0.437371
2540 2219.92 0.436992
2545 2222.3 0.436601
2550 2224.67 0.43621
2555 2226.98 0.435808
2560 2229.26 0.435402
2565 2231.67 0.435023
2570 2233.96 0.434623
2575 2236.28 0.434229
2580 2238.61 0.433839
2585 2240.99 0.43346
2590 2243.43 0.433095
2595 2245.73 0.432703
2600 2247.74 0.432258
2605 2249.59 0.431783
2610 2251.13 0.431251
2615 2252.66 0.430719
2620 2253.84 0.430122
2625 2254.6 0.429448
2630 2255.39 0.428781
2635 2256.27 0.428135
2640 2257.34 0.427527
2645 2258.4 0.426919
2650 2259.39 0.4263
2655 2260.51 0.425708
2660 2261.8 0.42515
2665 2262.95 0.424568
2670 2264.22 0.424011
2675 2265.59 0.423475
2680 2266.92 0.422933
2685 2268.18 0.42238
2690 2269.28 0.421799
2695 2270.05 0.42116
2700 2270.91 0.420539
2705 2271.9 0.419945
2710 2273.02 0.419376
2715 2274.29 0.418838
2720 2275.73 0.418333
2725 2277.09 0.417815
2730 2278.57 0.417321
2735 2280.3 0.416874
2740 2282.17 0.416454
2745 2284.03 0.416035
2750 2286 0.415636
2755 2288.04 0.415252
2760 2289.94 0.414844
2765 2291.75 0.414421
2770 2293.41 0.413973
2775 2295 0.413514
2780 2296.66 0.413068
2785 2298.22 0.412607
2790 2300.08 0.412201
2795 2301.94 0.411796
2800 2303.94 0.411418
2805 2306.1 0.41107
2810 2308.31 0.410731
2815 2310.73 0.410432
2820 2313.47 0.41019
2825 2316.08 0.409926
2830 2318.74 0.409671
2835 2321.44 0.409425
2840 2324.23 0.409195
2845 2327.08 0.408977
2850 2329.97 0.408767
2855 2332.8 0.408546
2860 2335.84 0.408364
2865 2338.88 0.408182
2870 2341.9 0.407997
2875 2344.85 0.4078
2880 2347.91 0.407623
2885 2351.01 0.407454
2890 2354.07 0.407279
2895 2357.02 0.407085
2900 2359.95 0.406888
2905 2363.02 0.406716
2910 2366.25 0.406572
2915 2369.44 0.406422
2920 2372.88 0.406315
2925 2376.39 0.406221
2930 2379.92 0.40613
2935 2383.46 0.406041
2940 2387.09 0.405968
2945 2390.78 0.405905
2950 2394.4 0.405831
2955 2397.8 0.405719
2960 2400.94 0.405564
2965 2404.09 0.405411
2970 2407.04 0.405226
2975 2410.16 0.405069
2980 2413.38 0.40493
2985 2416.56 0.404784
2990 2419.81 0.404651
2995 2423.11 0.404526
3000 2426.59 0.404432
3005 2430.2 0.404359
3010 2434.14 0.404342
3015 2438.19 0.404343
3020 2442 0.404305
3025 2445.86 0.404274
3030 2449.66 0.404234
3035 2453.24 0.404158
3040 2456.73 0.404067
3045 2460.38 0.404003
3050 2464.06 0.403944
3055 2467.71 0.403881
3060 2471.29 0.403806
3065 2474.7 0.403703
3070 2478.1 0.403599
3075 2481.46 0.403489
3080 2484.94 0.403399
3085 2488.41 0.403308
3090 2492.12 0.403256
3095 2495.8 0.403199
3100 2499.49 0.403144
3105 2503.16 0.403085
3110 2506.7 0.403006
3115 2510.37 0.402949
3120 2514.21 0.402918
3125 2518.25 0.40292
3130 2522.38 0.402936
3135 2526.56 0.40296
3140 2530.79 0.402992
3145 2535.08 0.403033
3150 2539.32 0.403067
3155 2543.63 0.403111
3160 2547.9 0.403149
3165 2552.37 0.403218
3170 2556.79 0.403279
3175 2561.24 0.403345
3180 2565.76 0.403421
3185 2570.57 0.403543
3190 2575.32 0.403655
3195 2579.94 0.403746
3200 2584.67 0.403855
3205 2589.59 0.403992
3210 2594.63 0.404148
3215 2599.8 0.404323
3220 2604.8 0.404472
3225 2609.87 0.404631
3230 2615.05 0.404807
3235 2620.24 0.404983
3240 2625.52 0.405173
3245 2630.77 0.405357
3250 2636.07 0.405549
3255 2641.39 0.405743
3260 2646.74 0.405942
3265 2652.04 0.406132
3270 2657.44 0.406336
3275 2662.83 0.406539
3280 2668.23 0.406742
3285 2673.61 0.406942
3290 2679.09 0.407157
3295 2684.73 0.407395
3300 2690.52 0.407655
3305 2696.39 0.407926
3310 2702.15 0.40818
3315 2707.71 0.408403
3320 2713.37 0.40864
3325 2718.92 0.40886
3330 2724.31 0.409056
3335 2729.67 0.409246
3340 2735.13 0.409451
3345 2740.58 0.409653
3350 2746.01 0.409852
3355 2751.29 0.410028
3360 2756.68 0.41022
3365 2761.89 0.410385
3370 2767.18 0.410561
3375 2772.41 0.410727
3380 2777.44 0.410864
3385 2782.43 0.410994
3390 2787.44 0.411127
3395 2792.39 0.41125
3400 2797.23 0.411357
3405 2802.2 0.411483
3410 2807.28 0.411625
3415 2812.56 0.411795
3420 2817.72 0.411947
3425 2822.64 0.412064
3430 2827.45 0.412165
3435 2832.3 0.412271
3440 2837.12 0.412372
3445 2841.86 0.412462
3450 2846.46 0.41253
3455 2851.03 0.412595
3460 2855.67 0.412669
3465 2860.42 0.412759
3470 2865.16 0.412847
3475 2869.96 0.412944
3480 2874.71 0.413033
3485 2879.01 0.413057
3490 2883.03 0.413042
3495 2887.26 0.413056
3500 2891.45 0.413064
3505 2895.7 0.413081
3510 2899.85 0.413084
3515 2904.02 0.41309
3520 2908.07 0.413078
3525 2911.93 0.41304
3530 2915.71 0.41299
3535 2919.62 0.412959
3540 2923.68 0.412949
3545 2927.67 0.412929
3550 2931.45 0.41288
3555 2935.08 0.41281
3560 2938.93 0.412771
3565 2943 0.412763
3570 2947.1 0.412759
3575 2951.04 0.412733
3580 2955.07 0.412719
3585 2959.31 0.412735
3590 2963.56 0.412752
3595 2967.81 0.412769
3600 2971.85 0.412757
3605 2975.86 0.412741
3610 2979.74 0.412706
3615 2983.51 0.412657
3620 2987.24 0.412602
3625 2991.01 0.412553
3630 2994.96 0.412529
3635 2999.01 0.412519
3640 3003.09 0.412512
3645 3007.08 0.412494
3650 3011.26 0.412501
3655 3015.57 0.412527
3660 3019.67 0.412523
3665 3023.89 0.412536
3670 3028.18 0.412559
3675 3032.72 0.412615
3680 3037.56 0.412712
3685 3042.37 0.412805
3690 3047.05 0.412879
3695 3051.77 0.412959
3700 3056.52 0.413043
3705 3061.48 0.413155
3710 3066.57 0.413284
3715 3071.78 0.413429
3720 3076.9 0.413562
3725 3082 0.413691
3730 3087.05 0.413814
3735 3091.84 0.413901
3740 3096.83 0.414015
3745 3101.94 0.414144
3750 3107.04 0.414272
3755 3112.12 0.414397
3760 3117.17 0.414517
3765 3122.17 0.414631
3770 3127.11 0.414736
3775 3131.96 0.414829
3780 3136.89 0.414933
3785 3141.76 0.415028
3790 3146.77 0.415141
3795 3151.97 0.415279
3800 3157.14 0.415413
3805 3162.43 0.415562
3810 3167.81 0.415723
3815 3173.18 0.415882
3820 3178.34 0.416013
3825 3183.61 0.416158
3830 3188.9 0.416305
3835 3194.25 0.41646
3840 3199.45 0.416595
3845 3204.38 0.416694
3850 3209.34 0.416797
3855 3214.18 0.416885
3860 3219.08 0.416979
3865 3224 0.417076
3870 3228.82 0.41716
3875 3233.42 0.417215
3880 3238.15 0.417287
3885 3242.83 0.417353
3890 3247.6 0.417429
3895 3252.34 0.417502
3900 3257.18 0.417587
3905 3261.88 0.417654
3910 3266.71 0.417738
3915 3271.55 0.417822
3920 3276.44 0.417913
3925 3281.27 0.417996
3930 3285.85 0.418047
3935 3290.17 0.418065
3940 3294.43 0.418075
3945 3298.7 0.418086
3950 3302.7 0.418063
3955 3306.32 0.417992
3960 3309.89 0.417915
3965 3313.57 0.417852
3970 3317.19 0.417782
3975 3320.77 0.417707
3980 3324.34 0.417631
3985 3327.99 0.417565
3990 3331.3 0.417456
3995 3334.47 0.41733
4000 3337.58 0.417197
4005 3340.6 0.417054
4010 3343.65 0.416914
4015 3346.76 0.416782
4020 3349.56 0.416612
4025 3352.06 0.416405
4030 3354.46 0.416186
4035 3356.7 0.415948
4040 3359.02 0.41572
4045 3361.3 0.415488
4050 3363.82 0.415286
4055 3366.24 0.415073
4060 3368.62 0.414855
4065 3370.98 0.414635
4070 3373.31 0.414412
4075 3375.64 0.414189
4080 3377.82 0.413949
4085 3379.91 0.413698
4090 3382.05 0.413454
4095 3384.19 0.41321
4100 3386.32 0.412966
4105 3388.25 0.412698
4110 3390.01 0.41241
4115 3391.81 0.412128
4120 3393.73 0.41186
4125 3395.55 0.411582
4130 3397.19 0.411282
4135 3399 0.411004
4140 3400.68 0.41071
4145 3402.31 0.410411
4150 3403.84 0.410101
4155 3405.3 0.409783
4160 3406.82 0.409474
4165 3408.59 0.409194
4170 3410.06 0.40888
4175 3411.43 0.408554
4180 3412.68 0.408215
4185 3413.96 0.407881
4190 3415.27 0.40755
4195 3416.74 0.40724
4200 3418.13 0.40692
4205 3419.19 0.406562
4210 3420.21 0.406201
4215 3421.14 0.405829
4220 3421.75 0.405421
4225 3422 0.40497
4230 3422.4 0.404539
4235 3422.84 0.404113
4240 3423.3 0.403691
4245 3423.71 0.403264
4250 3424.05 0.402829
4255 3424.37 0.402394
4260 3424.78 0.401969
4265 3425.19 0.401546
4270 3425.3 0.401089
4275 3425 0.400585
4280 3424.46 0.400054
4285 3423.72 0.399501
4290 3422.73 0.39892
4295 3421.67 0.398332
4300 3420.97 0.397787
4305 3420.33 0.397251
4310 3419.2 0.396659
4315 3418.03 0.396064
4320 3416.75 0.395457
4325 3415.16 0.394816
4330 3413.75 0.394197
4335 3412.27 0.393572
4340 3410.67 0.392934
4345 3408.98 0.392288
4350 3407.01 0.39161
4355 3404.89 0.390917
4360 3402.9 0.390241
4365 3400.73 0.389545
4370 3398.58 0.388854
4375 3396.33 0.388152
4380 3394 0.387443
4385 3391.61 0.386729
4390 3389.27 0.386022
4395 3387.08 0.385333
4400 3384.94 0.384652
4405 3382.82 0.383975
4410 3380.56 0.383283
4415 3378.03 0.382563
4420 3375.82 0.38188
4425 3373.74 0.381214
4430 3371.63 0.380545
4435 3369.55 0.379882
4440 3367.96 0.379275
4445 3366.57 0.378692
4450 3365.14 0.378106
4455 3363.56 0.377504
4460 3361.89 0.376893
4465 3360.24 0.376287
4470 3358.61 0.375683
4475 3356.8 0.375061
4480 3355.02 0.374444
4485 3353.4 0.373846
4490 3351.76 0.373247
4495 3349.97 0.372633
4500 3347.76 0.371973
4505 3345.65 0.371326
4510 3343.38 0.370663
4515 3340.87 0.369975
4520 3338.38 0.36929
4525 3335.89 0.368607
4530 3333.27 0.367911
4535 3330.72 0.367224
4540 3328.36 0.366559
4545 3326.05 0.365902
4550 3323.85 0.365258
4555 3321.72 0.364623
4560 3319.36 0.363965
4565 3317.05 0.363313
4570 3314.79 0.362668
4575 3312.33 0.362003
4580 3309.62 0.361312
4585 3306.57 0.360586
4590 3303.33 0.35984
4595 3300.22 0.35911
4600 3297.13 0.358384
4605 3293.85 0.357638
4610 3290.66 0.356905
4615 3287.44 0.356169
4620 3284.17 0.35543
4625 3280.75 0.354676
4630 3277.16 0.353905
4635 3273.53 0.353132
4640 3269.77 0.352346
4645 3265.79 0.351538
4650 3261.6 0.35071
4655 3257.21 0.349861
4660 3252.51 0.348982
4665 3247.86 0.348109
4670 3243.21 0.347239
4675 3238.54 0.346368
4680 3233.7 0.345481
4685 3228.72 0.344581
4690 3223.85 0.343694
4695 3218.86 0.342797
4700 3213.79 0.341893
4705 3208.59 0.340977
4710 3203.41 0.340065
4715 3198.39 0.339172
4720 3193.35 0.338279
4725 3188.49 0.337406
4730 3183.96 0.336571
4735 3179.27 0.33572
4740 3174.33 0.334845
4745 3169.39 0.333972
4750 3164.76 0.333133
4755 3160.09 0.332291
4760 3155.78 0.331489
4765 3151.5 0.330693
4770 3147.17 0.329892
4775 3142.69 0.329077
4780 3138.11 0.328254
4785 3133.4 0.327419
4790 3128.48 0.326564
4795 3123.53 0.325707
4800 3118 0.324792
4805 3111.99 0.323828
4810 3105.81 0.322849
4815 3099.9 0.3219
4820 3094.34 0.32099
4825 3088.32 0.320033
4830 3082.35 0.319084
4835 3076.36 0.318134
4840 3070.14 0.317163
4845 3063.77 0.316179
4850 3057.58 0.315214
4855 3051.27 0.31424
4860 3044.82 0.313253
4865 3038.17 0.312248
4870 3031.41 0.311233
4875 3024.35 0.31019
4880 3017.32 0.309152
4885 3010.31 0.308118
4890 3003.3 0.307086
4895 2996.43 0.30607
4900 2989.41 0.305042
4905 2982.42 0.304018
4910 2975.63 0.303017
4915 2968.75 0.302009
4920 2962.04 0.30102
4925 2955.59 0.30006
4930 2949.39 0.299127
4935 2943.25 0.298202
4940 2937.25 0.297293
4945 2931.36 0.296396
4950 2925.34 0.295489
4955 2919.27 0.294578
4960 2913.23 0.293672
4965 2906.88 0.292737
4970 2900.49 0.2918
4975 2894.3 0.290884
4980 2888.21 0.289981
4985 2882.26 0.289093
4990 2876.29 0.288205
4995 2870.2 0.287307
5000 2864.18 0.286418
