24.7596
25.6677
24.7607
27.1775
26.984
25.8759
26.6357
24.1267
26.2374
22.8277
22.399
23.2407
26.0238
24.5315
26.2679
23.7885
25.8181
26.3753
24.6873
24.2537
23.8124
23.3413
24.3407
25.111
25.9704
24.0851
26.6459
24.4447
24.4371
25.5741
24.54
25.2105
24.6933
25.0848
24.6724
25.5734
25.9642
24.6728
24.7289
24.614
23.4172
24.1763
24.4787
24.2585
25.4798
25.4915
24.356
24.304
24.3727
24.2316
26.7362
23.0399
25.7437
23.6484
24.8599
24.0975
25.3413
24.981
24.1934
22.8839
25.084
25.407
25.7227
28.066
24.5067
25.1873
24.7926
25.3132
26.5235
25.6165
24.5147
24.7174
24.9553
24.4112
24.6859
23.7804
24.1888
24.7991
24.7987
25.0441
25.9596
24.3931
26.1134
25.7795
24.121
24.3894
25.4424
24.2442
24.8796
22.9017
25.8037
25.53
23.9771
24.5424
25.5311
25.3415
24.7678
24.0127
22.5968
25.1702
