1.000000
5.000000
5129.800000
9027.500000
10321.100000
13898.800000
19358.300000
20070.000000
20288.000000
20435.000000
21280.000000
22305.800000
22673.500000
23000.300000
23920.800000
24362.100000
24367.900000
31356.800000
32382.300000
34769.500000
34806.200000
38350.500000
39492.400000
40460.500000
41829.800000
42454.400000
44535.400000
46220.100000
47665.600000
48079.300000
48566.600000
51052.300000
52824.100000
53166.800000
55360.300000
56031.600000
58183.900000
58814.900000
59366.200000
59650.500000
60533.800000
60686.200000
64438.900000
64483.100000
65260.400000
65311.800000
66324.100000
68774.400000
69648.700000
70921.600000
70958.000000
71045.400000
73272.600000
75825.500000
76279.000000
77366.600000
78792.500000
79135.400000
81753.700000
81923.500000
81928.900000
82212.500000
82465.800000
88369.500000
91536.900000
96993.900000
97248.500000
99759.500000
