



















































































































































































10000  
5000  
2500  
2000  
1250  
1000  
500  
250  
125  
100  
50  
25  
20  
10  
5  
10000  
5000  
2500  
2000  
1250  
1000  
500  
250  
125  
100  
50  
25  
20  
10  
5  
10000  
5000  
2500  
2000  
1250  
1000  
500  
250  
125  
100  
50  
25  
20  
10  
5  
10000  
5000  
2500  
2000  
1250  
1000  
500  
250  
125  
100  
50  
25  
20  
10  
5  
10000  
5000  
2500  
2000  
1250  
1000  
500  
250  
125  
100  
50  
25  
20  
10  
5  
10000  
5000  
2500  
2000  
1250  
1000  
500  
250  
125  
100  
50  
25  
20  
10  
5  
10000  
5000  
2500  
2000  
1250  
1000  
500  
250  
125  
100  
50  
25  
20  
10  
5  
10000  
5000  
2500  
2000  
1250  
1000  
500  
250  
125  
100  
50  
25  
20  
10  
5  
10000  
5000  
2500  
2000  
1250  
1000  
500  
250  
125  
100  
50  
25  
20  
10  
5  
10000  
5000  
2500  
2000  
1250  
1000  
500  
250  
125  
100  
50  
25  
20  
10  
5  
10000  
5000  
2500  
2000  
1250  
1000  
500  
250  
125  
100  
50  
25  
20  
10  
5  
10000  
5000  
2500  
2000  
1250  
1000  
500  
250  
125  
100  
50  
25  
20  
10  
5  
