0.000242 0.000258 0.000246 0.000258
0.000340 0.000362 0.000346 0.000363
0.000414 0.000441 0.000422 0.000442
0.000475 0.000506 0.000484 0.000508
0.000528 0.000563 0.000538 0.000565
0.000575 0.000613 0.000586 0.000615
0.000617 0.000659 0.000630 0.000661
0.000656 0.000701 0.000670 0.000703
0.000691 0.000738 0.000706 0.000741
0.000725 0.000773 0.000741 0.000778
0.000755 0.000808 0.000773 0.000811
0.000784 0.000839 0.000804 0.000843
0.000811 0.000869 0.000832 0.000871
0.000838 0.000897 0.000860 0.000898
0.000864 0.000925 0.000886 0.000925
0.000887 0.000948 0.000911 0.000951
0.000909 0.000973 0.000934 0.000973
0.000932 0.000993 0.000953 0.001000
0.000951 0.001020 0.000973 0.001022
0.000966 0.001039 0.000998 0.001044
0.000986 0.001061 0.001017 0.001064
0.001001 0.001079 0.001033 0.001084
0.001027 0.001101 0.001058 0.001095
0.001039 0.001116 0.001070 0.001121
0.001052 0.001133 0.001087 0.001133
0.001070 0.001152 0.001102 0.001151
0.001088 0.001174 0.001113 0.001172
0.001099 0.001187 0.001130 0.001180
0.001110 0.001191 0.001158 0.001198
0.001134 0.001213 0.001164 0.001206
0.001131 0.001224 0.001178 0.001225
0.001151 0.001236 0.001197 0.001241
0.001168 0.001248 0.001202 0.001246
0.001174 0.001261 0.001221 0.001269
0.001187 0.001289 0.001238 0.001286
0.001193 0.001282 0.001244 0.001304
0.001193 0.001306 0.001278 0.001301
0.001216 0.001309 0.001265 0.001313
0.001232 0.001310 0.001278 0.001334
0.001216 0.001321 0.001287 0.001350
0.001266 0.001332 0.001324 0.001359
0.001263 0.001364 0.001303 0.001379
0.001248 0.001375 0.001303 0.001370
0.001275 0.001376 0.001335 0.001370
0.001296 0.001404 0.001340 0.001403
0.001290 0.001410 0.001343 0.001409
0.001333 0.001422 0.001365 0.001411
0.001285 0.001397 0.001356 0.001445
0.001301 0.001433 0.001377 0.001441
0.001299 0.001435 0.001408 0.001427
0.001307 0.001454 0.001382 0.001434
0.001341 0.001427 0.001387 0.001442
0.001334 0.001451 0.001411 0.001460
0.001367 0.001444 0.001411 0.001452
0.001356 0.001450 0.001444 0.001494
0.001375 0.001442 0.001418 0.001512
0.001351 0.001459 0.001443 0.001510
0.001372 0.001469 0.001448 0.001512
0.001394 0.001453 0.001434 0.001518
0.001398 0.001503 0.001473 0.001526
0.001404 0.001493 0.001470 0.001542
0.001377 0.001509 0.001470 0.001568
0.001392 0.001468 0.001485 0.001539
0.001356 0.001475 0.001498 0.001573
0.001414 0.001510 0.001493 0.001531
0.001440 0.001479 0.001515 0.001585
0.001413 0.001503 0.001510 0.001571
0.001413 0.001487 0.001517 0.001582
0.001446 0.001536 0.001541 0.001618
0.001432 0.001574 0.001519 0.001596
0.001434 0.001523 0.001536 0.001591
0.001459 0.001509 0.001535 0.001629
0.001409 0.001575 0.001540 0.001617
0.001452 0.001563 0.001556 0.001628
0.001438 0.001594 0.001584 0.001617
0.001482 0.001547 0.001565 0.001631
0.001499 0.001527 0.001564 0.001679
0.001441 0.001549 0.001573 0.001604
0.001487 0.001584 0.001624 0.001654
0.001434 0.001586 0.001578 0.001653
0.001470 0.001626 0.001592 0.001652
0.001531 0.001544 0.001617 0.001683
0.001537 0.001599 0.001598 0.001628
0.001476 0.001624 0.001588 0.001645
0.001509 0.001550 0.001629 0.001670
0.001507 0.001649 0.001625 0.001722
0.001510 0.001568 0.001650 0.001664
0.001564 0.001576 0.001643 0.001682
0.001581 0.001642 0.001618 0.001737
0.001517 0.001590 0.001602 0.001739
0.001520 0.001590 0.001653 0.001675
0.001526 0.001568 0.001668 0.001747
0.001486 0.001588 0.001682 0.001681
0.001531 0.001649 0.001658 0.001681
0.001576 0.001699 0.001665 0.001761
0.001525 0.001618 0.001665 0.001728
0.001510 0.001631 0.001667 0.001750
0.001515 0.001632 0.001667 0.001695
0.001522 0.001655 0.001636 0.001735
0.001540 0.001661 0.001769 0.001793
0.001525 0.001630 0.001723 0.001770
0.001544 0.001675 0.001712 0.001767
0.001539 0.001615 0.001666 0.001796
0.001594 0.001630 0.001677 0.001793
0.001561 0.001630 0.001656 0.001755
0.001553 0.001660 0.001694 0.001774
0.001519 0.001649 0.001762 0.001706
0.001596 0.001619 0.001725 0.001792
0.001555 0.001743 0.001767 0.001814
0.001545 0.001600 0.001778 0.001825
0.001553 0.001577 0.001710 0.001787
0.001634 0.001664 0.001740 0.001813
0.001508 0.001612 0.001697 0.001785
0.001595 0.001663 0.001727 0.001785
0.001657 0.001673 0.001722 0.001820
0.001556 0.001709 0.001821 0.001819
0.001608 0.001609 0.001751 0.001779
0.001590 0.001657 0.001803 0.001854
0.001541 0.001613 0.001824 0.001820
0.001610 0.001654 0.001757 0.001876
0.001684 0.001617 0.001775 0.001821
0.001615 0.001651 0.001713 0.001866
0.001666 0.001661 0.001825 0.001853
0.001601 0.001678 0.001785 0.001894
0.001652 0.001725 0.001724 0.001833
0.001557 0.001694 0.001770 0.001868
0.001561 0.001740 0.001772 0.001842
0.001623 0.001643 0.001847 0.001827
0.001564 0.001710 0.001748 0.001785
0.001635 0.001703 0.001822 0.001831
0.001670 0.001649 0.001788 0.001784
0.001553 0.001689 0.001849 0.001838
0.001635 0.001562 0.001763 0.001845
0.001677 0.001733 0.001820 0.001788
0.001600 0.001624 0.001771 0.001853
0.001562 0.001758 0.001882 0.001959
0.001529 0.001732 0.001821 0.001809
0.001623 0.001722 0.001868 0.001893
0.001581 0.001671 0.001762 0.001862
0.001719 0.001629 0.001762 0.001905
0.001620 0.001590 0.001952 0.001881
0.001666 0.001632 0.001843 0.001940
0.001669 0.001645 0.001814 0.001956
0.001652 0.001670 0.001838 0.001821
0.001722 0.001619 0.001928 0.001903
0.001546 0.001624 0.001860 0.001956
0.001692 0.001779 0.001862 0.001918
0.001634 0.001620 0.001854 0.001946
0.001716 0.001714 0.001860 0.001870
0.001614 0.001870 0.001893 0.001978
0.001605 0.001661 0.001782 0.001868
0.001709 0.001759 0.001961 0.001865
0.001619 0.001776 0.001893 0.001980
0.001748 0.001662 0.001790 0.001931
0.001782 0.001699 0.001873 0.001904
0.001659 0.001711 0.001887 0.001871
0.001675 0.001765 0.001857 0.001951
0.001576 0.001741 0.001867 0.001930
0.001640 0.001632 0.001942 0.001932
0.001685 0.001747 0.001948 0.001941
0.001841 0.001626 0.001825 0.001929
0.001729 0.001632 0.001814 0.001879
0.001622 0.001730 0.001863 0.001847
0.001689 0.001801 0.001981 0.001841
0.001650 0.001690 0.001953 0.001840
0.001608 0.001683 0.001797 0.001910
0.001624 0.001653 0.001872 0.001960
0.001623 0.001782 0.001966 0.002003
0.001604 0.001746 0.001919 0.002004
0.001708 0.001632 0.001847 0.001939
0.001694 0.001707 0.001878 0.001802
0.001592 0.001824 0.001957 0.001861
0.001714 0.001754 0.002051 0.002012
0.001735 0.001667 0.002026 0.001983
0.001713 0.001789 0.001914 0.001955
0.001721 0.001672 0.001905 0.001941
0.001663 0.001565 0.002003 0.002043
0.001683 0.001638 0.001973 0.001982
0.001685 0.001690 0.001968 0.001939
0.001645 0.001633 0.001938 0.001944
0.001653 0.001639 0.001948 0.001940
0.001669 0.001779 0.001886 0.001973
0.001650 0.001799 0.001897 0.002014
0.001664 0.001701 0.001981 0.002026
0.001560 0.001802 0.001932 0.001936
0.001631 0.001807 0.001895 0.001877
0.001704 0.001804 0.001776 0.001869
0.001624 0.001740 0.001832 0.001941
0.001506 0.001701 0.001911 0.002028
0.001712 0.001816 0.001976 0.002034
0.001690 0.001808 0.001951 0.001889
0.001664 0.001748 0.001967 0.001925
0.001658 0.001713 0.001955 0.002111
0.001778 0.001736 0.001963 0.002123
0.001744 0.001861 0.001932 0.002007
0.001679 0.001837 0.001908 0.001869
0.001660 0.001692 0.001975 0.001942
0.001692 0.001602 0.002007 0.001917
0.001703 0.001740 0.002048 0.001938
0.001708 0.001848 0.002164 0.001943
