1.000000
5.000000
588.400000
1001.900000
1252.900000
1531.200000
3931.900000
4100.500000
4143.800000
5872.700000
9246.800000
9271.300000
9373.300000
10160.900000
11578.200000
12131.700000
12373.000000
13115.700000
14282.100000
14833.400000
15329.200000
15998.200000
17030.400000
17090.900000
17776.400000
18074.100000
18612.300000
18761.800000
19235.500000
19459.700000
19640.500000
19640.800000
21400.700000
24655.500000
25417.800000
26464.600000
26593.400000
26626.200000
26784.500000
28405.400000
32063.900000
32865.900000
33220.300000
33559.800000
34570.300000
34755.600000
40143.200000
41390.200000
42693.200000
43072.400000
43213.900000
43299.600000
45000.000000
45000.200000
47301.000000
47646.100000
49291.900000
49775.000000
50532.900000
52279.100000
54067.800000
54605.000000
54924.100000
55327.600000
56471.100000
57122.700000
58675.600000
59283.300000
59718.000000
60286.800000
61357.400000
62413.900000
62693.800000
62739.500000
63895.000000
64034.500000
65953.200000
66838.800000
66969.400000
67205.800000
68277.700000
69626.800000
72109.100000
72210.700000
72451.200000
72571.700000
72573.200000
73413.200000
75710.900000
77998.100000
78301.100000
78302.400000
80566.500000
80669.800000
80680.700000
82134.900000
83203.600000
85551.800000
87240.500000
88645.000000
88945.000000
90336.400000
91596.900000
91816.300000
93076.100000
93599.900000
94926.900000
95669.300000
95915.300000
96159.200000
96211.900000
96539.600000
97622.900000
97943.800000
