#time	ekin		epot		etot		chain_length	temp
0	11.740600	0.052595	11.793195	22.100226	7.568773
0.1	7.557439	3.712063	11.269502	22.401842	4.872029
0.2	1.793587	9.473845	11.267432	22.636535	1.156266
0.3	1.280446	9.979908	11.260355	22.765842	0.825461
0.4	6.396277	4.861320	11.257597	22.780067	4.123467
0.5	10.206832	1.055743	11.262576	22.699948	6.580005
0.6	7.787608	3.480803	11.268411	22.569039	5.020412
0.7	2.662907	8.604397	11.267304	22.439465	1.716687
0.8	1.854438	9.406510	11.260948	22.355826	1.195494
0.9	6.380358	4.877693	11.258051	22.342493	4.113204
1	10.001102	1.261414	11.262515	22.398196	6.447377
1.1	7.736286	3.531987	11.268273	22.499275	4.987326
1.2	2.556119	8.711471	11.267590	22.609985	1.647845
1.3	1.305458	9.955989	11.261447	22.695975	0.841585
1.4	5.523532	5.734525	11.258057	22.736140	3.560837
1.5	9.533584	1.728181	11.261765	22.728828	6.145984
1.6	8.156999	3.110411	11.267410	22.690590	5.258545
1.7	3.503889	7.763620	11.267509	22.648317	2.258841
1.8	1.843728	9.418546	11.262274	22.627972	1.188590
1.9	5.103156	6.155812	11.258968	22.644185	3.289835
2	8.555486	2.706391	11.261877	22.694527	5.515437
2.1	7.514030	3.752681	11.266711	22.760362	4.844045
2.2	3.650148	7.616631	11.266779	22.813760	2.353128
2.3	2.441047	8.821101	11.262148	22.827891	1.573662
2.4	5.558746	5.700545	11.259291	22.787078	3.583538
2.5	8.713310	2.548754	11.262064	22.692905	5.617180
2.6	7.659980	3.606598	11.266577	22.564215	4.938134
2.7	3.930525	7.336208	11.266733	22.431064	2.533878
2.8	2.559133	8.703392	11.262525	22.324799	1.649788
2.9	5.198767	6.060996	11.259763	22.267776	3.351472
3	8.119226	3.142743	11.261969	22.266240	5.234194
3.1	7.535966	3.729821	11.265787	22.308611	4.858186
3.2	4.671527	6.594429	11.265956	22.369487	3.011578
3.3	3.700405	7.562190	11.262595	22.417851	2.385528
3.4	5.793150	5.467551	11.260700	22.426635	3.734651
3.5	7.689431	3.573469	11.262899	22.380445	4.957120
3.6	6.570049	4.695794	11.265843	22.279009	4.235491
3.7	4.119067	7.146096	11.265164	22.135566	2.655425
3.8	4.032387	7.229391	11.261777	21.971181	2.599545
3.9	6.629922	4.630648	11.260571	21.807345	4.274090
4	8.309265	2.954118	11.263384	21.659590	5.356707
4.1	6.658997	4.607314	11.266311	21.534240	4.292833
4.2	3.935625	7.329604	11.265229	21.429084	2.537166
4.3	3.911746	7.349910	11.261657	21.337293	2.521772
4.4	6.550078	4.710579	11.260657	21.252734	4.222617
4.5	8.005514	3.258192	11.263706	21.174368	5.160888
4.6	6.076403	5.190063	11.266465	21.107868	3.917254
4.7	3.436495	7.828398	11.264892	21.063734	2.215394
4.8	3.957101	7.303847	11.260948	21.052652	2.551011
4.9	7.373327	3.886538	11.259865	21.079962	4.753338
5	9.482947	1.780344	11.263291	21.141470	6.113340
5.1	7.508753	3.758314	11.267068	21.222323	4.840643
5.2	3.647911	7.618751	11.266662	21.299487	2.351686
5.3	2.266219	8.996434	11.262653	21.347196	1.460956
5.4	4.895478	6.363967	11.259445	21.343786	3.155952
5.5	8.744228	2.516234	11.260462	21.277841	5.637112
5.6	9.741910	1.522639	11.264548	21.151723	6.280284
5.7	6.974338	4.292911	11.267249	20.981357	4.496123
5.8	3.439729	7.826307	11.266037	20.792331	2.217479
5.9	2.482163	8.780471	11.262634	20.613425	1.600168
6	4.589861	6.670556	11.260417	20.469464	2.958931
6.1	7.441155	3.820057	11.261212	20.375469	4.797065
6.2	8.377120	2.886697	11.263816	20.333516	5.400450
6.3	7.037010	4.228301	11.265311	20.332793	4.536526
6.4	5.436163	5.828223	11.264386	20.352524	3.504513
6.5	5.369477	5.893194	11.262672	20.366925	3.461523
6.6	6.422314	4.840068	11.262382	20.350943	4.140252
6.7	6.949858	4.313632	11.263490	20.285407	4.480342
6.8	6.480041	4.783991	11.264032	20.160472	4.177467
6.9	6.283404	4.979580	11.262984	19.976869	4.050701
7	7.411361	3.850402	11.261763	19.745075	4.777858
7.1	8.959006	2.303352	11.262358	19.482973	5.775573
7.2	8.942836	2.321798	11.264634	19.212673	5.765148
7.3	6.757833	4.508404	11.266237	18.957023	4.356550
7.4	4.209558	7.055670	11.265228	18.736135	2.713762
7.5	3.780631	7.481725	11.262356	18.564149	2.437246
7.6	6.045882	5.214423	11.260304	18.446548	3.897579
7.7	9.091057	2.169844	11.260902	18.378521	5.860702
7.8	10.417100	0.846327	11.263427	18.344960	6.715557
7.9	9.205866	2.059721	11.265588	18.322459	5.934715
8	6.749255	4.516551	11.265805	18.283244	4.351019
8.1	5.000120	6.264233	11.264353	18.200504	3.223411
8.2	4.956762	6.305890	11.262652	18.054097	3.195459
8.3	6.194094	5.067826	11.261920	17.835307	3.993126
8.4	7.558338	3.704000	11.262338	17.549336	4.872609
8.5	8.198312	3.064907	11.263219	17.214691	5.285179
8.6	8.075109	3.188653	11.263763	16.859414	5.205754
8.7	7.721709	3.541981	11.263689	16.514993	4.977928
8.8	7.629289	3.634040	11.263329	16.209433	4.918348
8.9	7.818047	3.445149	11.263196	15.961144	5.040034
9	7.934828	3.328631	11.263459	15.775071	5.115319
9.1	7.691861	3.571990	11.263851	15.641940	4.958686
9.2	7.147550	4.116466	11.264016	15.540893	4.607787
9.3	6.613700	4.650133	11.263833	15.444963	4.263632
9.4	6.395934	4.867478	11.263412	15.328028	4.123245
9.5	6.646541	4.616387	11.262928	15.171378	4.284803
9.6	7.320755	3.941858	11.262613	14.968143	4.719447
9.7	8.101056	3.161699	11.262756	14.724429	5.222481
9.8	8.476648	2.786735	11.263383	14.456956	5.464612
9.9	8.182204	3.081767	11.263971	14.187993	5.274794
10	7.613658	3.650200	11.263859	13.939068	4.908272
10.1	7.514888	3.748247	11.263136	13.725164	4.844598
10.2	8.070741	3.191981	11.262722	13.550834	5.202938
10.3	8.573388	2.689873	11.263261	13.409148	5.526977
10.4	8.231501	3.032736	11.264237	13.283783	5.306574
10.5	7.176015	4.088504	11.264520	13.153998	4.626138
10.6	6.418704	4.844973	11.263677	13.001267	4.137925
10.7	6.771204	4.491302	11.262506	12.815495	4.365169
10.8	7.948923	3.313257	11.262180	12.598661	5.124406
10.9	8.844156	2.418861	11.263017	12.364521	5.701533
11	8.638710	2.625474	11.264184	12.134368	5.569089
11.1	7.569873	3.694740	11.264613	11.930157	4.880045
11.2	6.573624	4.690477	11.264101	11.767265	4.237796
11.3	6.267279	4.996117	11.263397	11.649225	4.040306
11.4	6.407527	4.855757	11.263284	11.565954	4.130719
11.5	6.345200	4.918514	11.263714	11.495837	4.090539
11.6	5.887755	5.376180	11.263935	11.411252	3.795640
11.7	5.568803	5.694611	11.263414	11.286223	3.590022
11.8	6.042363	5.220106	11.262469	11.104097	3.895310
11.9	7.331088	3.930827	11.261916	10.862856	4.726108
12	8.736689	2.525581	11.262270	10.576362	5.632252
12.1	9.355278	1.908146	11.263425	10.271038	6.031036
12.2	8.664683	2.600062	11.264745	9.978924	5.585833
12.3	6.954004	4.311316	11.265320	9.729147	4.483015
12.4	5.287874	5.976773	11.264647	9.540399	3.408916
12.5	4.770046	6.493122	11.263168	9.416581	3.075090
12.6	5.716612	5.545275	11.261887	9.346542	3.685309
12.7	7.497054	3.764532	11.261587	9.307328	4.833101
12.8	8.983873	2.278575	11.262448	9.269675	5.791603
12.9	9.219459	2.044486	11.263945	9.204446	5.943478
13	8.061914	3.203143	11.265057	9.088838	5.197248
13.1	6.334013	4.931012	11.265025	8.911246	4.083327
13.2	5.183601	6.080412	11.264013	8.673791	3.341695
13.3	5.154219	6.108740	11.262959	8.391905	3.322753
13.4	5.846150	5.416483	11.262633	8.090959	3.768818
13.5	6.514765	4.748147	11.262911	7.800699	4.199852
13.6	6.882334	4.380803	11.263137	7.548771	4.436812
13.7	7.179150	4.083926	11.263075	7.354792	4.628159
13.8	7.548597	3.714465	11.263062	7.226162	4.866329
13.9	7.791185	3.472145	11.263330	7.156565	5.022717
14	7.684955	3.578760	11.263715	7.127699	4.954234
14.1	7.233852	4.030141	11.263993	7.113858	4.663423
14.2	6.613385	4.650651	11.264036	7.088007	4.263429
14.3	6.103637	5.160130	11.263767	7.027705	3.934811
14.4	5.989465	5.273815	11.263280	6.919464	3.861209
14.5	6.355722	4.907137	11.262858	6.760711	4.097322
14.6	7.004888	4.257848	11.262736	6.559159	4.515818
14.7	7.625048	3.637843	11.262891	6.330072	4.915614
14.8	8.029663	3.233477	11.263140	6.092244	5.176456
14.9	8.163581	3.099867	11.263449	5.863563	5.262789
15	7.913193	3.350713	11.263906	5.656976	5.101371
15.1	7.231802	4.032414	11.264216	5.477970	4.662102
15.2	6.555980	4.707858	11.263838	5.324467	4.226422
15.3	6.555942	4.707054	11.262997	5.188868	4.226397
15.4	7.204773	4.057936	11.262709	5.061016	4.644677
15.5	7.633003	3.630386	11.263389	4.931118	4.920743
15.6	7.238306	4.025829	11.264136	4.792115	4.666295
15.7	6.546787	4.717096	11.263883	4.641049	4.220496
15.8	6.591679	4.671139	11.262818	4.479114	4.249436
15.9	7.583243	3.678981	11.262225	4.310508	4.888664
16	8.499766	2.763239	11.263005	4.140550	5.479516
16.1	8.155112	3.109400	11.264512	3.973700	5.257329
16.2	6.614391	4.650754	11.265145	3.812201	4.264077
16.3	5.267302	5.996839	11.264141	3.655853	3.395654
16.4	5.417417	5.844991	11.262408	3.502723	3.492428
16.5	6.991229	4.270296	11.261525	3.350074	4.507013
16.6	8.666001	2.596195	11.262196	3.194955	5.586682
16.7	9.168496	2.095150	11.263646	3.034479	5.910624
16.8	8.421532	2.842961	11.264494	2.866177	5.429081
16.9	7.431444	3.832702	11.264146	2.688674	4.790804
17	7.148802	4.114460	11.263262	2.502520	4.608594
17.1	7.554196	3.708720	11.262916	2.310739	4.869938
17.2	7.846206	3.417244	11.263450	2.118717	5.058187
17.3	7.426728	3.837437	11.264165	1.933264	4.787764
17.4	6.614545	4.649581	11.264126	1.761080	4.264176
17.5	6.296220	4.967048	11.263268	1.607246	4.058963
17.6	6.874991	4.387528	11.262519	1.474532	4.432078
17.7	7.773598	3.489090	11.262688	1.363936	5.011380
17.8	8.104630	3.158888	11.263518	1.275935	5.224785
17.9	7.695244	3.568757	11.264001	1.211307	4.960867
18	7.244834	4.018773	11.263607	1.170851	4.670503
18.1	7.412531	3.850409	11.262940	1.154754	4.778612
18.2	7.946602	3.316401	11.263003	1.162907	5.122910
18.3	7.921975	3.342008	11.263983	1.196170	5.107033
18.4	6.822425	4.442512	11.264938	1.256781	4.398190
18.5	5.279998	5.984741	11.264739	1.346259	3.403839
18.6	4.604169	6.659142	11.263311	1.461828	2.968154
18.7	5.528632	5.733146	11.261778	1.594626	3.564125
18.8	7.497877	3.763483	11.261360	1.731877	4.833631
18.9	9.193557	2.068697	11.262253	1.861943	5.926780
19	9.675617	1.587979	11.263596	1.979116	6.237547
19.1	9.053334	2.210983	11.264318	2.085127	5.836383
19.2	8.233543	3.030459	11.264002	2.186581	5.307891
19.3	8.051450	3.211756	11.263206	2.290587	5.190501
19.4	8.447660	2.815350	11.263010	2.401604	5.445925
19.5	8.523613	2.740177	11.263789	2.520720	5.494889
19.6	7.702056	3.562513	11.264569	2.646671	4.965259
19.7	6.632695	4.631469	11.264164	2.777214	4.275878
19.8	6.583605	4.679079	11.262684	2.909950	4.244231
19.9	7.977546	3.284019	11.261565	3.042461	5.142858
20	9.707042	1.555088	11.262130	3.172189	6.257806
