#time	ekin		epot		etot		chain_length
0	11.740600	0.000218	11.740818	22.000227
0.01	11.701226	0.039631	11.740857	22.031910
0.02	11.585419	0.155476	11.740895	22.063525
0.03	11.394884	0.346050	11.740934	22.095012
0.04	11.132428	0.608544	11.740973	22.126308
0.05	10.801924	0.939087	11.741011	22.157354
0.06	10.408245	1.332805	11.741050	22.188089
0.07	9.957196	1.783892	11.741088	22.218453
0.08	9.455426	2.285701	11.741127	22.248389
0.09	8.910323	2.830842	11.741165	22.277840
0.1	8.329909	3.411294	11.741204	22.306749
0.11	7.722718	4.018525	11.741242	22.335064
0.12	7.097662	4.643619	11.741281	22.362733
0.13	6.463906	5.277414	11.741320	22.389703
0.14	5.830723	5.910635	11.741358	22.415929
0.15	5.207359	6.534038	11.741397	22.441363
0.16	4.602894	7.138542	11.741435	22.465962
0.17	4.026103	7.715371	11.741474	22.489684
0.18	3.485331	8.256182	11.741512	22.512491
0.19	2.988360	8.753191	11.741551	22.534346
0.2	2.542304	9.199286	11.741589	22.555216
0.21	2.153492	9.588136	11.741628	22.575071
0.22	1.827384	9.914282	11.741667	22.593883
0.23	1.568487	10.173218	11.741705	22.611628
0.24	1.380287	10.361457	11.741744	22.628283
0.25	1.265203	10.476579	11.741782	22.643830
0.26	1.224552	10.517269	11.741821	22.658254
0.27	1.258530	10.483329	11.741859	22.671543
0.28	1.366214	10.375684	11.741898	22.683688
0.29	1.545577	10.196359	11.741936	22.694684
0.3	1.793525	9.948450	11.741975	22.704527
0.31	2.105940	9.636073	11.742014	22.713218
0.32	2.477753	9.264299	11.742052	22.720762
0.33	2.903017	8.839073	11.742091	22.727166
0.34	3.375003	8.367127	11.742129	22.732439
0.35	3.886301	7.855867	11.742168	22.736594
0.36	4.428938	7.313269	11.742206	22.739650
0.37	4.994497	6.747747	11.742245	22.741623
0.38	5.574251	6.168032	11.742283	22.742537
0.39	6.159289	5.583033	11.742322	22.742416
0.4	6.740659	5.001702	11.742360	22.741288
0.41	7.309499	4.432900	11.742399	22.739183
0.42	7.857178	3.885260	11.742438	22.736133
0.43	8.375417	3.367059	11.742476	22.732174
0.44	8.856426	2.886089	11.742515	22.727343
0.45	9.293011	2.449542	11.742553	22.721679
0.46	9.678688	2.063903	11.742592	22.715222
0.47	10.007779	1.734851	11.742630	22.708017
0.48	10.275493	1.467176	11.742669	22.700107
0.49	10.478002	1.264705	11.742708	22.691540
0.5	10.612492	1.130254	11.742746	22.682362
0.51	10.677206	1.065579	11.742785	22.672622
0.52	10.671465	1.071358	11.742823	22.662371
0.53	10.595679	1.147183	11.742862	22.651658
0.54	10.451333	1.291567	11.742900	22.640536
0.55	10.240966	1.501972	11.742939	22.629055
0.56	9.968125	1.774852	11.742977	22.617268
0.57	9.637308	2.105708	11.743016	22.605228
0.58	9.253894	2.489160	11.743054	22.592987
0.59	8.824058	2.919035	11.743093	22.580597
0.6	8.354670	3.388462	11.743132	22.568111
0.61	7.853192	3.889978	11.743170	22.555579
0.62	7.327558	4.415651	11.743209	22.543052
0.63	6.786052	4.957195	11.743247	22.530581
0.64	6.237181	5.506105	11.743286	22.518214
0.65	5.689539	6.053785	11.743324	22.506000
0.66	5.151679	6.591684	11.743363	22.493985
0.67	4.631977	7.111425	11.743401	22.482215
0.68	4.138506	7.604934	11.743440	22.470733
0.69	3.678911	8.064568	11.743479	22.459581
0.7	3.260293	8.483224	11.743517	22.448800
0.71	2.889099	8.854456	11.743556	22.438429
0.72	2.571027	9.172568	11.743594	22.428502
0.73	2.310934	9.432699	11.743633	22.419056
0.74	2.112769	9.630902	11.743671	22.410122
0.75	1.979511	9.764199	11.743710	22.401731
0.76	1.913125	9.830624	11.743748	22.393908
0.77	1.914533	9.829254	11.743787	22.386681
0.78	1.983606	9.760220	11.743826	22.380071
0.79	2.119161	9.624703	11.743864	22.374098
0.8	2.318987	9.424915	11.743903	22.368780
0.81	2.579880	9.164061	11.743941	22.364133
0.82	2.897692	8.846288	11.743980	22.360167
0.83	3.267397	8.476621	11.744018	22.356894
0.84	3.683175	8.060881	11.744057	22.354320
0.85	4.138496	7.605599	11.744095	22.352450
0.86	4.626226	7.117907	11.744134	22.351285
0.87	5.138739	6.605434	11.744172	22.350825
0.88	5.668031	6.076180	11.744211	22.351066
0.89	6.205849	5.538400	11.744250	22.352003
0.9	6.743817	5.000471	11.744288	22.353627
0.91	7.273564	4.470763	11.744327	22.355929
0.92	7.786852	3.957513	11.744365	22.358894
0.93	8.275709	3.468694	11.744404	22.362507
0.94	8.732545	3.011898	11.744442	22.366752
0.95	9.150268	2.594212	11.744481	22.371608
0.96	9.522400	2.222119	11.744519	22.377054
0.97	9.843168	1.901390	11.744558	22.383066
0.98	10.107594	1.637003	11.744597	22.389621
0.99	10.311572	1.433063	11.744635	22.396689
1	10.451929	1.292744	11.744674	22.404244
1.01	10.526473	1.218239	11.744712	22.412255
1.02	10.534023	1.210727	11.744751	22.420691
1.03	10.474428	1.270361	11.744789	22.429520
1.04	10.348565	1.396263	11.744828	22.438708
1.05	10.158328	1.586538	11.744866	22.448222
1.06	9.906594	1.838311	11.744905	22.458025
1.07	9.597176	2.147768	11.744944	22.468082
1.08	9.234768	2.510214	11.744982	22.478358
1.09	8.824867	2.920154	11.745021	22.488816
1.1	8.373689	3.371370	11.745059	22.499418
1.11	7.888072	3.857026	11.745098	22.510128
1.12	7.375370	4.369767	11.745136	22.520910
1.13	6.843339	4.901836	11.745175	22.531727
1.14	6.300021	5.445193	11.745213	22.542543
1.15	5.753613	5.991639	11.745252	22.553321
1.16	5.212349	6.532942	11.745291	22.564028
1.17	4.684368	7.060961	11.745329	22.574629
1.18	4.177594	7.567774	11.745368	22.585090
1.19	3.699611	8.045795	11.745406	22.595379
1.2	3.257553	8.487892	11.745445	22.605465
1.21	2.857991	8.887493	11.745483	22.615318
1.22	2.506836	9.238686	11.745522	22.624908
1.23	2.209252	9.536308	11.745560	22.634209
1.24	1.969576	9.776022	11.745599	22.643194
1.25	1.791256	9.954382	11.745637	22.651839
1.26	1.676798	10.068878	11.745676	22.660122
1.27	1.627734	10.117981	11.745714	22.668022
1.28	1.644598	10.101155	11.745753	22.675520
1.29	1.726925	10.018866	11.745792	22.682598
1.3	1.873256	9.872574	11.745830	22.689242
1.31	2.081165	9.664704	11.745869	22.695437
1.32	2.347300	9.398607	11.745907	22.701173
1.33	2.667438	9.078508	11.745946	22.706440
1.34	3.036549	8.709435	11.745984	22.711231
1.35	3.448878	8.297144	11.746023	22.715540
1.36	3.898036	7.848026	11.746061	22.719365
1.37	4.377094	7.369006	11.746100	22.722704
1.38	4.878700	6.867438	11.746138	22.725558
1.39	5.395185	6.350992	11.746177	22.727930
1.4	5.918684	5.827532	11.746216	22.729825
1.41	6.441257	5.304997	11.746254	22.731248
1.42	6.955013	4.791280	11.746293	22.732210
1.43	7.452224	4.294107	11.746331	22.732720
1.44	7.925452	3.820918	11.746370	22.732791
1.45	8.367651	3.378758	11.746408	22.732436
1.46	8.772282	2.974165	11.746447	22.731671
1.47	9.133408	2.613077	11.746485	22.730513
1.48	9.445781	2.300743	11.746524	22.728981
1.49	9.704923	2.041640	11.746562	22.727095
1.5	9.907187	1.839414	11.746601	22.724875
1.51	10.049814	1.696825	11.746639	22.722346
1.52	10.130970	1.615708	11.746678	22.719529
1.53	10.149767	1.596950	11.746717	22.716450
1.54	10.106279	1.640476	11.746755	22.713133
1.55	10.001529	1.745264	11.746794	22.709606
1.56	9.837477	1.909355	11.746832	22.705896
1.57	9.616978	2.129893	11.746871	22.702028
1.58	9.343739	2.403171	11.746909	22.698032
1.59	9.022256	2.724692	11.746948	22.693935
1.6	8.657742	3.089244	11.746986	22.689765
1.61	8.256042	3.490983	11.747025	22.685552
1.62	7.823540	3.923523	11.747063	22.681322
1.63	7.367060	4.380042	11.747102	22.677105
1.64	6.893754	4.853386	11.747140	22.672927
1.65	6.410994	5.336184	11.747179	22.668817
1.66	5.926257	5.820961	11.747217	22.664801
1.67	5.447002	6.300254	11.747256	22.660904
1.68	4.980566	6.766729	11.747294	22.657154
1.69	4.534039	7.213294	11.747333	22.653573
1.7	4.114164	7.633207	11.747371	22.650186
1.71	3.727231	8.020179	11.747410	22.647015
1.72	3.378979	8.368469	11.747448	22.644081
1.73	3.074516	8.672971	11.747487	22.641405
1.74	2.818236	8.929290	11.747525	22.639006
1.75	2.613758	9.133805	11.747564	22.636900
1.76	2.463876	9.283726	11.747602	22.635103
1.77	2.370514	9.377127	11.747641	22.633630
1.78	2.334703	9.412976	11.747679	22.632495
1.79	2.356573	9.391145	11.747718	22.631706
1.8	2.435350	9.312407	11.747756	22.631276
1.81	2.569376	9.178418	11.747795	22.631210
1.82	2.756141	8.991692	11.747833	22.631515
1.83	2.992322	8.755549	11.747872	22.632195
1.84	3.273843	8.474067	11.747910	22.633253
1.85	3.595939	8.152010	11.747949	22.634689
1.86	3.953239	7.794749	11.747987	22.636501
1.87	4.339848	7.408178	11.748026	22.638687
1.88	4.749445	6.998619	11.748064	22.641241
1.89	5.175385	6.572718	11.748103	22.644158
1.9	5.610801	6.137341	11.748141	22.647428
1.91	6.048714	5.699465	11.748180	22.651042
1.92	6.482148	5.266070	11.748218	22.654987
1.93	6.904232	4.844024	11.748257	22.659250
1.94	7.308313	4.439982	11.748295	22.663816
1.95	7.688055	4.060279	11.748334	22.668668
1.96	8.037542	3.710830	11.748372	22.673789
1.97	8.351367	3.397044	11.748411	22.679158
1.98	8.624712	3.123737	11.748449	22.684755
1.99	8.853427	2.895061	11.748488	22.690557
2	9.034086	2.714440	11.748526	22.696542
2.01	9.164045	2.584520	11.748565	22.702685
2.02	9.241471	2.507132	11.748603	22.708961
2.03	9.265378	2.483263	11.748642	22.715344
2.04	9.235631	2.513049	11.748680	22.721806
2.05	9.152948	2.595770	11.748718	22.728320
2.06	9.018883	2.729873	11.748757	22.734858
2.07	8.835803	2.912993	11.748795	22.741391
2.08	8.606840	3.141994	11.748834	22.747890
2.09	8.335844	3.413028	11.748872	22.754326
2.1	8.027320	3.721591	11.748911	22.760668
2.11	7.686349	4.062600	11.748949	22.766889
2.12	7.318511	4.430477	11.748988	22.772958
2.13	6.929791	4.819235	11.749026	22.778846
2.14	6.526487	5.222578	11.749065	22.784524
2.15	6.115105	5.633998	11.749103	22.789965
2.16	5.702259	6.046883	11.749142	22.795139
2.17	5.294564	6.454616	11.749180	22.800021
2.18	4.898533	6.850685	11.749218	22.804583
2.19	4.520476	7.228781	11.749257	22.808799
2.2	4.166395	7.582900	11.749295	22.812646
2.21	3.841899	7.907434	11.749334	22.816100
2.22	3.552111	8.197262	11.749372	22.819138
2.23	3.301589	8.447822	11.749410	22.821739
2.24	3.094261	8.655188	11.749449	22.823883
2.25	2.933360	8.816127	11.749487	22.825551
2.26	2.821379	8.928147	11.749526	22.826727
2.27	2.760033	8.989531	11.749564	22.827396
2.28	2.750234	8.999368	11.749603	22.827543
2.29	2.792082	8.957559	11.749641	22.827155
2.3	2.884863	8.864816	11.749679	22.826224
2.31	3.027068	8.722650	11.749718	22.824739
2.32	3.216412	8.533344	11.749756	22.822694
2.33	3.449881	8.299913	11.749795	22.820084
2.34	3.723777	8.026056	11.749833	22.816906
2.35	4.033780	7.716092	11.749871	22.813158
2.36	4.375015	7.374895	11.749910	22.808840
2.37	4.742136	7.007812	11.749948	22.803955
2.38	5.129408	6.620579	11.749987	22.798508
2.39	5.530796	6.219228	11.750025	22.792504
2.4	5.940068	5.809995	11.750063	22.785951
2.41	6.350884	5.399218	11.750102	22.778859
2.42	6.756901	4.993239	11.750140	22.771240
2.43	7.151874	4.598305	11.750179	22.763108
2.44	7.529745	4.220472	11.750217	22.754476
2.45	7.884748	3.865507	11.750255	22.745363
2.46	8.211488	3.538806	11.750294	22.735786
2.47	8.505030	3.245302	11.750332	22.725766
2.48	8.760971	2.989400	11.750371	22.715323
2.49	8.975508	2.774901	11.750409	22.704482
2.5	9.145495	2.604952	11.750447	22.693266
2.51	9.268490	2.481996	11.750486	22.681700
2.52	9.342787	2.407737	11.750524	22.669812
2.53	9.367444	2.383118	11.750563	22.657629
2.54	9.342291	2.408310	11.750601	22.645180
2.55	9.267930	2.482709	11.750639	22.632495
2.56	9.145724	2.604954	11.750678	22.619604
2.57	8.977771	2.772945	11.750716	22.606539
2.58	8.766866	2.983888	11.750755	22.593331
2.59	8.516459	3.234334	11.750793	22.580013
2.6	8.230593	3.520238	11.750831	22.566617
2.61	7.913841	3.837029	11.750870	22.553177
2.62	7.571231	4.179677	11.750908	22.539724
2.63	7.208167	4.542780	11.750946	22.526294
2.64	6.830338	4.920647	11.750985	22.512918
2.65	6.443633	5.307390	11.751023	22.499629
2.66	6.054046	5.697015	11.751062	22.486460
2.67	5.667581	6.083519	11.751100	22.473444
2.68	5.290157	6.460981	11.751138	22.460611
2.69	4.927520	6.823657	11.751177	22.447994
2.7	4.585150	7.166065	11.751215	22.435621
2.71	4.268178	7.483075	11.751253	22.423523
2.72	3.981311	7.769981	11.751292	22.411729
2.73	3.728754	8.022576	11.751330	22.400265
2.74	3.514154	8.237215	11.751368	22.389159
2.75	3.340541	8.410865	11.751407	22.378435
2.76	3.210291	8.541155	11.751445	22.368118
2.77	3.125083	8.626400	11.751483	22.358230
2.78	3.085888	8.665634	11.751522	22.348792
2.79	3.092950	8.658610	11.751560	22.339823
2.8	3.145793	8.605805	11.751598	22.331343
2.81	3.243228	8.508408	11.751637	22.323367
2.82	3.383382	8.368293	11.751675	22.315911
2.83	3.563727	8.187987	11.751714	22.308987
2.84	3.781128	7.970624	11.751752	22.302606
2.85	4.031896	7.719894	11.751790	22.296779
2.86	4.311850	7.439978	11.751829	22.291512
2.87	4.616386	7.135481	11.751867	22.286812
2.88	4.940553	6.811352	11.751905	22.282683
2.89	5.279135	6.472809	11.751944	22.279126
2.9	5.626734	6.125248	11.751982	22.276142
2.91	5.977858	5.774162	11.752020	22.273730
2.92	6.327009	5.425049	11.752059	22.271885
2.93	6.668771	5.083326	11.752097	22.270603
2.94	6.997893	4.754242	11.752135	22.269876
2.95	7.309374	4.442799	11.752174	22.269696
2.96	7.598541	4.153671	11.752212	22.270051
2.97	7.861119	3.891132	11.752250	22.270929
2.98	8.093297	3.658991	11.752289	22.272316
2.99	8.291790	3.460537	11.752327	22.274196
3	8.453879	3.298486	11.752365	22.276551
3.01	8.577459	3.174944	11.752404	22.279364
3.02	8.661063	3.091379	11.752442	22.282613
3.03	8.703882	3.048598	11.752480	22.286278
3.04	8.705773	3.046745	11.752518	22.290334
3.05	8.667258	3.085298	11.752557	22.294757
3.06	8.589508	3.163087	11.752595	22.299523
3.07	8.474320	3.278313	11.752633	22.304605
3.08	8.324083	3.428589	11.752672	22.309975
3.09	8.141736	3.610974	11.752710	22.315605
3.1	7.930715	3.822034	11.752748	22.321466
3.11	7.694892	4.057895	11.752787	22.327528
3.12	7.438511	4.314314	11.752825	22.333761
3.13	7.166116	4.586747	11.752863	22.340134
3.14	6.882471	4.870430	11.752902	22.346615
3.15	6.592485	5.160455	11.752940	22.353173
3.16	6.301127	5.451851	11.752978	22.359777
3.17	6.013344	5.739672	11.753017	22.366394
3.18	5.733983	6.019072	11.753055	22.372993
3.19	5.467707	6.285387	11.753093	22.379541
3.2	5.218922	6.534210	11.753131	22.386008
3.21	4.991706	6.761463	11.753170	22.392362
3.22	4.789743	6.963465	11.753208	22.398572
3.23	4.616263	7.136983	11.753246	22.404609
3.24	4.473992	7.279292	11.753285	22.410441
3.25	4.365111	7.388212	11.753323	22.416040
3.26	4.291219	7.462142	11.753361	22.421379
3.27	4.253315	7.500084	11.753400	22.426429
3.28	4.251779	7.501659	11.753438	22.431164
3.29	4.286373	7.467103	11.753476	22.435558
3.3	4.356244	7.397270	11.753514	22.439587
3.31	4.459946	7.293606	11.753553	22.443229
3.32	4.595463	7.158128	11.753591	22.446460
3.33	4.760248	6.993382	11.753629	22.449260
3.34	4.951264	6.802404	11.753668	22.451610
3.35	5.165041	6.588665	11.753706	22.453491
3.36	5.397736	6.356008	11.753744	22.454887
3.37	5.645194	6.108588	11.753783	22.455782
3.38	5.903025	5.850796	11.753821	22.456164
3.39	6.166674	5.587185	11.753859	22.456019
3.4	6.431500	5.322397	11.753897	22.455337
3.41	6.692855	5.061081	11.753936	22.454110
3.42	6.946159	4.807815	11.753974	22.452328
3.43	7.186981	4.567031	11.754012	22.449987
3.44	7.411111	4.342940	11.754051	22.447082
3.45	7.614629	4.139460	11.754089	22.443611
3.46	7.793975	3.960152	11.754127	22.439571
3.47	7.946004	3.808162	11.754165	22.434964
3.48	8.068038	3.686166	11.754204	22.429791
3.49	8.157916	3.596326	11.754242	22.424055
3.5	8.214023	3.540257	11.754280	22.417762
3.51	8.235322	3.518996	11.754318	22.410917
3.52	8.221369	3.532987	11.754357	22.403528
3.53	8.172320	3.582075	11.754395	22.395605
3.54	8.088928	3.665505	11.754433	22.387156
3.55	7.972533	3.781938	11.754471	22.378195
3.56	7.825037	3.929472	11.754510	22.368733
3.57	7.648874	4.105674	11.754548	22.358784
3.58	7.446968	4.307618	11.754586	22.348364
3.59	7.222687	4.531938	11.754624	22.337488
3.6	6.979784	4.774878	11.754663	22.326173
3.61	6.722339	5.032362	11.754701	22.314436
3.62	6.454688	5.300051	11.754739	22.302298
3.63	6.181350	5.573427	11.754777	22.289775
3.64	5.906958	5.847857	11.754815	22.276889
3.65	5.636177	6.118676	11.754854	22.263660
3.66	5.373627	6.381264	11.754892	22.250108
3.67	5.123810	6.631121	11.754930	22.236256
3.68	4.891029	6.863940	11.754968	22.222124
3.69	4.679323	7.075683	11.755007	22.207734
3.7	4.492397	7.262648	11.755045	22.193109
3.71	4.333557	7.421526	11.755083	22.178271
3.72	4.205660	7.549462	11.755121	22.163242
3.73	4.111060	7.644099	11.755159	22.148043
3.74	4.051575	7.703623	11.755198	22.132698
3.75	4.028448	7.726788	11.755236	22.117227
3.76	4.042330	7.712944	11.755274	22.101652
3.77	4.093268	7.662044	11.755312	22.085993
3.78	4.180698	7.574653	11.755351	22.070273
3.79	4.303458	7.451931	11.755389	22.054511
3.8	4.459802	7.295625	11.755427	22.038726
3.81	4.647429	7.108036	11.755465	22.022937
3.82	4.863518	6.891985	11.755503	22.007164
3.83	5.104772	6.650770	11.755542	21.991423
3.84	5.367472	6.388108	11.755580	21.975731
3.85	5.647538	6.108080	11.755618	21.960105
3.86	5.940590	5.815066	11.755656	21.944560
3.87	6.242025	5.513670	11.755694	21.929110
3.88	6.547085	5.208648	11.755733	21.913768
3.89	6.850940	4.904831	11.755771	21.898548
3.9	7.148761	4.607048	11.755809	21.883460
3.91	7.435804	4.320043	11.755847	21.868516
3.92	7.707484	4.048401	11.755885	21.853726
3.93	7.959450	3.796474	11.755923	21.839096
3.94	8.187657	3.568305	11.755962	21.824637
3.95	8.388433	3.367567	11.756000	21.810353
3.96	8.558538	3.197500	11.756038	21.796251
3.97	8.695219	3.060857	11.756076	21.782335
3.98	8.796252	2.959862	11.756114	21.768609
3.99	8.859985	2.896167	11.756152	21.755076
4	8.885359	2.870831	11.756190	21.741738
4.01	8.871931	2.884297	11.756228	21.728595
4.02	8.819880	2.936386	11.756266	21.715647
4.03	8.730004	3.026300	11.756304	21.702894
4.04	8.603709	3.152633	11.756342	21.690334
4.05	8.442987	3.313393	11.756380	21.677963
4.06	8.250382	3.506036	11.756418	21.665780
4.07	8.028952	3.727503	11.756456	21.653780
4.08	7.782218	3.974275	11.756493	21.641958
4.09	7.514108	4.242424	11.756531	21.630310
4.1	7.228891	4.527678	11.756569	21.618829
4.11	6.931112	4.825494	11.756607	21.607510
4.12	6.625518	5.131127	11.756645	21.596345
4.13	6.316977	5.439705	11.756682	21.585327
4.14	6.010406	5.746314	11.756720	21.574450
4.15	5.710686	6.046072	11.756758	21.563704
4.16	5.422587	6.334208	11.756796	21.553084
4.17	5.150693	6.606141	11.756833	21.542579
4.18	4.899322	6.857549	11.756871	21.532183
4.19	4.672465	7.084444	11.756909	21.521886
4.2	4.473716	7.283230	11.756946	21.511682
4.21	4.306217	7.450767	11.756984	21.501561
4.22	4.172608	7.584414	11.757022	21.491516
4.23	4.074982	7.682078	11.757060	21.481539
4.24	4.014853	7.742245	11.757097	21.471623
4.25	3.993130	7.764005	11.757135	21.461760
4.26	4.010104	7.747069	11.757173	21.451943
4.27	4.065437	7.691773	11.757210	21.442167
4.28	4.158172	7.599076	11.757248	21.432425
4.29	4.286742	7.470543	11.757286	21.422712
4.3	4.448997	7.308326	11.757323	21.413023
4.31	4.642234	7.115127	11.757361	21.403354
4.32	4.863242	6.894157	11.757399	21.393701
4.33	5.108349	6.649087	11.757436	21.384061
4.34	5.373485	6.383989	11.757474	21.374432
4.35	5.654240	6.103272	11.757512	21.364812
4.36	5.945939	5.811610	11.757549	21.355201
4.37	6.243718	5.513869	11.757587	21.345598
4.38	6.542597	5.215028	11.757625	21.336005
4.39	6.837567	4.920095	11.757662	21.326423
4.4	7.123667	4.634033	11.757700	21.316853
4.41	7.396067	4.361670	11.757737	21.307300
4.42	7.650150	4.107625	11.757775	21.297767
4.43	7.881582	3.876230	11.757812	21.288260
4.44	8.086391	3.671459	11.757849	21.278783
4.45	8.261027	3.496860	11.757887	21.269342
4.46	8.402425	3.355499	11.757924	21.259946
4.47	8.508059	3.249903	11.757961	21.250602
4.48	8.575978	3.182020	11.757998	21.241318
4.49	8.604850	3.153186	11.758036	21.232104
4.5	8.593975	3.164098	11.758073	21.222970
4.51	8.543306	3.214804	11.758110	21.213926
4.52	8.453450	3.304697	11.758146	21.204984
4.53	8.325657	3.432526	11.758183	21.196155
4.54	8.161805	3.596415	11.758220	21.187452
4.55	7.964370	3.793886	11.758257	21.178887
4.56	7.736384	4.021909	11.758293	21.170473
4.57	7.481391	4.276938	11.758329	21.162224
4.58	7.203386	4.554979	11.758366	21.154153
4.59	6.906756	4.851646	11.758402	21.146276
4.6	6.596202	5.162236	11.758438	21.138605
4.61	6.276673	5.481801	11.758474	21.131156
4.62	5.953279	5.805231	11.758510	21.123942
4.63	5.631211	6.127335	11.758546	21.116978
4.64	5.315662	6.442920	11.758582	21.110280
4.65	5.011742	6.746876	11.758618	21.103860
4.66	4.724396	7.034257	11.758654	21.097733
4.67	4.458335	7.300355	11.758689	21.091912
4.68	4.217953	7.540772	11.758725	21.086412
4.69	4.007270	7.751491	11.758761	21.081246
4.7	3.829864	7.928932	11.758796	21.076426
4.71	3.688825	8.070007	11.758832	21.071964
4.72	3.586701	8.172166	11.758868	21.067872
4.73	3.525471	8.233432	11.758903	21.064161
4.74	3.506508	8.252431	11.758939	21.060841
4.75	3.530566	8.228409	11.758975	21.057922
4.76	3.597762	8.161248	11.759010	21.055413
4.77	3.707582	8.051464	11.759046	21.053322
4.78	3.858884	7.900197	11.759082	21.051655
4.79	4.049913	7.709205	11.759117	21.050420
4.8	4.278325	7.480828	11.759153	21.049620
4.81	4.541222	7.217967	11.759188	21.049260
4.82	4.835188	6.924036	11.759224	21.049342
4.83	5.156341	6.602918	11.759260	21.049870
4.84	5.500381	6.258914	11.759295	21.050844
4.85	5.862655	5.896676	11.759331	21.052263
4.86	6.238219	5.521147	11.759366	21.054125
4.87	6.621910	5.137492	11.759402	21.056429
4.88	7.008418	4.751019	11.759437	21.059170
4.89	7.392365	4.367107	11.759472	21.062342
4.9	7.768377	3.991130	11.759507	21.065940
4.91	8.131168	3.628375	11.759543	21.069956
4.92	8.475611	3.283967	11.759578	21.074381
4.93	8.796819	2.962794	11.759612	21.079204
4.94	9.090210	2.669437	11.759647	21.084415
4.95	9.351582	2.408100	11.759682	21.090001
4.96	9.577165	2.182551	11.759717	21.095949
4.97	9.763686	1.996065	11.759751	21.102242
4.98	9.908410	1.851375	11.759785	21.108866
4.99	10.009182	1.750638	11.759819	21.115803
5	10.064457	1.695396	11.759853	21.123035
5.01	10.073322	1.686564	11.759887	21.130542
5.02	10.035509	1.724411	11.759920	21.138305
5.03	9.951393	1.808560	11.759953	21.146302
5.04	9.821986	1.938000	11.759986	21.154511
5.05	9.648920	2.111099	11.760019	21.162909
5.06	9.434418	2.325633	11.760052	21.171473
5.07	9.181261	2.578822	11.760084	21.180177
5.08	8.892742	2.867374	11.760116	21.188997
5.09	8.572617	3.187531	11.760148	21.197907
5.1	8.225046	3.535134	11.760179	21.206880
5.11	7.854533	3.905677	11.760211	21.215890
5.12	7.465863	4.294379	11.760242	21.224909
5.13	7.064029	4.696244	11.760273	21.233909
5.14	6.654163	5.106141	11.760304	21.242863
5.15	6.241470	5.518865	11.760334	21.251743
5.16	5.831155	5.929210	11.760365	21.260519
5.17	5.428359	6.332036	11.760395	21.269165
5.18	5.038091	6.722335	11.760426	21.277651
5.19	4.665169	7.095287	11.760456	21.285950
5.2	4.314163	7.446323	11.760486	21.294034
5.21	3.989343	7.771173	11.760516	21.301874
5.22	3.694630	8.065916	11.760546	21.309443
5.23	3.433556	8.327020	11.760576	21.316714
5.24	3.209228	8.551378	11.760606	21.323662
5.25	3.024292	8.736344	11.760636	21.330259
5.26	2.880914	8.879751	11.760666	21.336480
5.27	2.780757	8.979939	11.760696	21.342302
5.28	2.724964	9.035762	11.760725	21.347699
5.29	2.714153	9.046602	11.760755	21.352650
5.3	2.748413	9.012372	11.760785	21.357131
5.31	2.827303	8.933512	11.760815	21.361122
5.32	2.949860	8.810985	11.760845	21.364603
5.33	3.114615	8.646260	11.760875	21.367554
5.34	3.319605	8.441300	11.760905	21.369958
5.35	3.562401	8.198534	11.760935	21.371798
5.36	3.840130	7.920834	11.760965	21.373059
5.37	4.149516	7.611478	11.760995	21.373727
5.38	4.486909	7.274115	11.761024	21.373788
5.39	4.848331	6.912723	11.761054	21.373232
5.4	5.229523	6.531561	11.761084	21.372049
5.41	5.625992	6.135122	11.761114	21.370229
5.42	6.033064	5.728079	11.761143	21.367766
5.43	6.445944	5.315229	11.761173	21.364654
5.44	6.859766	4.901436	11.761202	21.360889
5.45	7.269658	4.491574	11.761232	21.356469
5.46	7.670801	4.090460	11.761261	21.351393
5.47	8.058485	3.702806	11.761291	21.345660
5.48	8.428169	3.333151	11.761320	21.339273
5.49	8.775542	2.985807	11.761349	21.332236
5.5	9.096570	2.664808	11.761378	21.324553
5.51	9.387552	2.373855	11.761407	21.316232
5.52	9.645163	2.116273	11.761436	21.307279
5.53	9.866499	1.894966	11.761465	21.297706
5.54	10.049109	1.712385	11.761494	21.287522
5.55	10.191028	1.570494	11.761522	21.276740
5.56	10.290799	1.470752	11.761551	21.265375
5.57	10.347487	1.414092	11.761579	21.253440
5.58	10.360691	1.400915	11.761607	21.240953
5.59	10.330544	1.431090	11.761634	21.227931
5.6	10.257704	1.503958	11.761662	21.214394
5.61	10.143345	1.618344	11.761689	21.200361
5.62	9.989132	1.772584	11.761716	21.185854
5.63	9.797196	1.964547	11.761743	21.170894
5.64	9.570101	2.191669	11.761770	21.155506
5.65	9.310800	2.450996	11.761796	21.139713
5.66	9.022597	2.739225	11.761823	21.123541
5.67	8.709096	3.052752	11.761849	21.107016
5.68	8.374147	3.387727	11.761874	21.090163
5.69	8.021797	3.740103	11.761900	21.073011
5.7	7.656231	4.105694	11.761925	21.055587
5.71	7.281718	4.480232	11.761950	21.037920
5.72	6.902558	4.859418	11.761975	21.020039
5.73	6.523021	5.238978	11.762000	21.001973
5.74	6.147306	5.614718	11.762024	20.983751
5.75	5.779483	5.982566	11.762049	20.965403
5.76	5.423452	6.338621	11.762073	20.946959
5.77	5.082900	6.679198	11.762097	20.928450
5.78	4.761265	7.000857	11.762121	20.909904
5.79	4.461702	7.300443	11.762145	20.891352
5.8	4.187058	7.575111	11.762169	20.872823
5.81	3.939843	7.822350	11.762193	20.854347
5.82	3.722219	8.039998	11.762217	20.835953
5.83	3.535981	8.226260	11.762241	20.817669
5.84	3.382549	8.379716	11.762264	20.799525
5.85	3.262963	8.499325	11.762288	20.781547
5.86	3.177885	8.584427	11.762312	20.763762
5.87	3.127596	8.634739	11.762336	20.746197
5.88	3.112007	8.650352	11.762359	20.728878
5.89	3.130665	8.631718	11.762383	20.711829
5.9	3.182769	8.579638	11.762407	20.695075
5.91	3.267181	8.495249	11.762431	20.678638
5.92	3.382448	8.380007	11.762454	20.662541
5.93	3.526817	8.235661	11.762478	20.646805
5.94	3.698264	8.064238	11.762502	20.631449
5.95	3.894512	7.868014	11.762526	20.616494
5.96	4.113060	7.649489	11.762549	20.601956
5.97	4.351214	7.411359	11.762573	20.587852
5.98	4.606110	7.156486	11.762597	20.574197
5.99	4.874753	6.887868	11.762620	20.561006
6	5.154042	6.608602	11.762644	20.548291
6.01	5.440810	6.321857	11.762667	20.536064
6.02	5.731854	6.030837	11.762691	20.524335
6.03	6.023972	5.738743	11.762715	20.513113
6.04	6.313995	5.448743	11.762738	20.502405
6.05	6.598826	5.163936	11.762762	20.492217
6.06	6.875471	4.887315	11.762785	20.482554
6.07	7.141073	4.621736	11.762809	20.473419
6.08	7.392945	4.369887	11.762833	20.464813
6.09	7.628599	4.134257	11.762856	20.456738
6.1	7.845773	3.917106	11.762880	20.449192
6.11	8.042459	3.720444	11.762903	20.442173
6.12	8.216923	3.546004	11.762926	20.435678
6.13	8.367725	3.395225	11.762950	20.429700
6.14	8.493733	3.269240	11.762973	20.424235
6.15	8.594138	3.168859	11.762997	20.419273
6.16	8.668456	3.094564	11.763020	20.414806
6.17	8.716535	3.046508	11.763043	20.410824
6.18	8.738553	3.024514	11.763066	20.407316
6.19	8.735009	3.028081	11.763089	20.404267
6.2	8.706716	3.056396	11.763113	20.401665
6.21	8.654788	3.108348	11.763136	20.399494
6.22	8.580616	3.182542	11.763158	20.397739
6.23	8.485852	3.277329	11.763181	20.396381
6.24	8.372379	3.390826	11.763204	20.395403
6.25	8.242284	3.520943	11.763227	20.394786
6.26	8.097829	3.665421	11.763249	20.394509
6.27	7.941413	3.821859	11.763272	20.394552
6.28	7.775542	3.987752	11.763294	20.394892
6.29	7.602789	4.160528	11.763316	20.395508
6.3	7.425759	4.337579	11.763339	20.396375
6.31	7.247054	4.516306	11.763361	20.397470
6.32	7.069235	4.694148	11.763383	20.398769
6.33	6.894784	4.868620	11.763405	20.400246
6.34	6.726078	5.037348	11.763426	20.401876
6.35	6.565350	5.198098	11.763448	20.403633
6.36	6.414665	5.348805	11.763470	20.405491
6.37	6.275890	5.487601	11.763491	20.407423
6.38	6.150673	5.612839	11.763513	20.409403
6.39	6.040424	5.723110	11.763534	20.411403
6.4	5.946296	5.817259	11.763555	20.413396
6.41	5.869177	5.894400	11.763577	20.415357
6.42	5.809677	5.953921	11.763598	20.417256
6.43	5.768130	5.995489	11.763619	20.419068
6.44	5.744588	6.019052	11.763640	20.420765
6.45	5.738829	6.024832	11.763661	20.422321
6.46	5.750364	6.013318	11.763683	20.423710
6.47	5.778449	5.985255	11.763704	20.424905
6.48	5.822098	5.941627	11.763725	20.425880
6.49	5.880106	5.883640	11.763746	20.426611
6.5	5.951067	5.812700	11.763767	20.427072
6.51	6.033402	5.730386	11.763788	20.427239
6.52	6.125382	5.638427	11.763809	20.427089
6.53	6.225160	5.538669	11.763830	20.426598
6.54	6.330802	5.433049	11.763851	20.425743
6.55	6.440314	5.323557	11.763871	20.424503
6.56	6.551681	5.212212	11.763892	20.422858
6.57	6.662894	5.101019	11.763913	20.420785
6.58	6.771988	4.991947	11.763934	20.418267
6.59	6.877067	4.886888	11.763955	20.415285
6.6	6.976342	4.787635	11.763976	20.411821
6.61	7.068153	4.695844	11.763997	20.407857
6.62	7.151002	4.613016	11.764018	20.403379
6.63	7.223573	4.540466	11.764039	20.398372
6.64	7.284756	4.479304	11.764060	20.392821
6.65	7.333664	4.430418	11.764081	20.386714
6.66	7.369648	4.394455	11.764102	20.380039
6.67	7.392309	4.371815	11.764123	20.372786
6.68	7.401503	4.362641	11.764144	20.364943
6.69	7.397347	4.366818	11.764165	20.356504
6.7	7.380213	4.383973	11.764186	20.347461
6.71	7.350727	4.413480	11.764207	20.337806
6.72	7.309756	4.454472	11.764228	20.327535
6.73	7.258397	4.505852	11.764249	20.316643
6.74	7.197957	4.566312	11.764269	20.305127
6.75	7.129934	4.634356	11.764290	20.292986
6.76	7.055990	4.708321	11.764311	20.280218
6.77	6.977926	4.786406	11.764332	20.266823
6.78	6.897653	4.866699	11.764352	20.252802
6.79	6.817158	4.947215	11.764373	20.238159
6.8	6.738471	5.025923	11.764394	20.222895
6.81	6.663634	5.100780	11.764414	20.207016
6.82	6.594665	5.169769	11.764435	20.190526
6.83	6.533522	5.230933	11.764455	20.173433
6.84	6.482073	5.282403	11.764476	20.155743
6.85	6.442059	5.322437	11.764496	20.137465
6.86	6.415071	5.349446	11.764517	20.118609
6.87	6.402513	5.362024	11.764537	20.099183
6.88	6.405584	5.358973	11.764557	20.079200
6.89	6.425252	5.339326	11.764578	20.058672
6.9	6.462235	5.302364	11.764598	20.037611
6.91	6.516987	5.247632	11.764619	20.016031
6.92	6.589686	5.174953	11.764639	19.993946
6.93	6.680229	5.084430	11.764659	19.971373
6.94	6.788225	4.976455	11.764680	19.948326
6.95	6.912999	4.851701	11.764700	19.924823
6.96	7.053598	4.711122	11.764721	19.900880
6.97	7.208800	4.555941	11.764741	19.876517
6.98	7.377127	4.387634	11.764762	19.851751
6.99	7.556862	4.207920	11.764782	19.826602
7	7.746071	4.018731	11.764802	19.801090
7.01	7.942629	3.822194	11.764823	19.775235
7.02	8.144240	3.620603	11.764843	19.749057
7.03	8.348475	3.416388	11.764864	19.722579
7.04	8.552799	3.212085	11.764884	19.695821
7.05	8.754604	3.010301	11.764905	19.668807
7.06	8.951244	2.813682	11.764925	19.641557
7.07	9.140070	2.624875	11.764946	19.614096
7.08	9.318469	2.446497	11.764966	19.586446
7.09	9.483892	2.281094	11.764986	19.558630
7.1	9.633897	2.131110	11.765007	19.530671
7.11	9.766175	1.998852	11.765027	19.502595
7.12	9.878589	1.886459	11.765048	19.474423
7.13	9.969198	1.795870	11.765068	19.446181
7.14	10.036290	1.728798	11.765088	19.417891
7.15	10.078405	1.686704	11.765109	19.389579
7.16	10.094354	1.670775	11.765129	19.361268
7.17	10.083245	1.681904	11.765149	19.332982
7.18	10.044491	1.720678	11.765170	19.304745
7.19	9.977825	1.787365	11.765190	19.276581
7.2	9.883305	1.881905	11.765210	19.248513
7.21	9.761322	2.003908	11.765230	19.220565
7.22	9.612594	2.152656	11.765250	19.192761
7.23	9.438161	2.327109	11.765270	19.165122
7.24	9.239382	2.525909	11.765290	19.137672
7.25	9.017914	2.747397	11.765310	19.110434
7.26	8.775700	2.989631	11.765330	19.083428
7.27	8.514947	3.250403	11.765350	19.056678
7.28	8.238104	3.527267	11.765370	19.030204
7.29	7.947830	3.817561	11.765390	19.004027
7.3	7.646970	4.118441	11.765410	18.978167
7.31	7.338519	4.426911	11.765430	18.952645
7.32	7.025590	4.739860	11.765450	18.927478
7.33	6.711379	5.054090	11.765470	18.902687
7.34	6.399126	5.366364	11.765490	18.878289
7.35	6.092077	5.673432	11.765509	18.854301
7.36	5.793453	5.972076	11.765529	18.830739
7.37	5.506406	6.259143	11.765549	18.807621
7.38	5.233985	6.531584	11.765569	18.784961
7.39	4.979104	6.786485	11.765588	18.762773
7.4	4.744503	7.021105	11.765608	18.741072
7.41	4.532723	7.232905	11.765628	18.719869
7.42	4.346072	7.419575	11.765648	18.699178
7.43	4.186604	7.579063	11.765667	18.679008
7.44	4.056091	7.709596	11.765687	18.659370
7.45	3.956008	7.809698	11.765707	18.640274
7.46	3.887515	7.878211	11.765726	18.621727
7.47	3.851444	7.914302	11.765746	18.603736
7.48	3.848292	7.917473	11.765766	18.586309
7.49	3.878218	7.887568	11.765785	18.569449
7.5	3.941038	7.824767	11.765805	18.553162
7.51	4.036232	7.729592	11.765825	18.537450
7.52	4.162952	7.602892	11.765844	18.522315
7.53	4.320027	7.445837	11.765864	18.507759
7.54	4.505984	7.259899	11.765884	18.493781
7.55	4.719061	7.046842	11.765903	18.480380
7.56	4.957229	6.808694	11.765923	18.467553
7.57	5.218215	6.547727	11.765943	18.455297
7.58	5.499529	6.266433	11.765962	18.443607
7.59	5.798490	5.967492	11.765982	18.432478
7.6	6.112255	5.653746	11.766002	18.421902
7.61	6.437856	5.328166	11.766021	18.411872
7.62	6.772223	4.993818	11.766041	18.402378
7.63	7.112226	4.653835	11.766060	18.393410
7.64	7.454702	4.311378	11.766080	18.384957
7.65	7.796491	3.969608	11.766099	18.377005
7.66	8.134471	3.631648	11.766119	18.369543
7.67	8.465584	3.300555	11.766138	18.362554
7.68	8.786872	2.979285	11.766157	18.356024
7.69	9.095507	2.670670	11.766177	18.349934
7.7	9.388814	2.377382	11.766196	18.344269
7.71	9.664303	2.101912	11.766215	18.339008
7.72	9.919686	1.846548	11.766234	18.334133
7.73	10.152903	1.613350	11.766253	18.329622
7.74	10.362137	1.404135	11.766272	18.325454
7.75	10.545830	1.220461	11.766291	18.321607
7.76	10.702696	1.063614	11.766310	18.318058
7.77	10.831728	0.934601	11.766328	18.314781
7.78	10.932204	0.834143	11.766347	18.311754
7.79	11.003692	0.762673	11.766365	18.308949
7.8	11.046046	0.720337	11.766383	18.306342
7.81	11.059404	0.706998	11.766402	18.303905
7.82	11.044179	0.722241	11.766420	18.301611
7.83	11.001052	0.765385	11.766438	18.299432
7.84	10.930959	0.835497	11.766455	18.297340
7.85	10.835072	0.931401	11.766473	18.295306
7.86	10.714787	1.051704	11.766491	18.293300
7.87	10.571702	1.194806	11.766508	18.291295
7.88	10.407596	1.358929	11.766525	18.289259
7.89	10.224407	1.542135	11.766542	18.287163
7.9	10.024208	1.742351	11.766559	18.284978
7.91	9.809183	1.957392	11.766576	18.282672
7.92	9.581603	2.184990	11.766593	18.280216
7.93	9.343796	2.422813	11.766609	18.277581
7.94	9.098130	2.668496	11.766625	18.274735
7.95	8.846981	2.919661	11.766642	18.271650
7.96	8.592714	3.173944	11.766658	18.268295
7.97	8.337657	3.429016	11.766674	18.264643
7.98	8.084081	3.682609	11.766690	18.260663
7.99	7.834176	3.932529	11.766705	18.256327
8	7.590036	4.176684	11.766721	18.251609
8.01	7.353641	4.413096	11.766736	18.246479
8.02	7.126836	4.639916	11.766752	18.240912
8.03	6.911324	4.855443	11.766767	18.234882
8.04	6.708650	5.058132	11.766782	18.228363
8.05	6.520192	5.246606	11.766797	18.221331
8.06	6.347152	5.419661	11.766812	18.213762
8.07	6.190552	5.576275	11.766827	18.205634
8.08	6.051228	5.715614	11.766842	18.196924
8.09	5.929829	5.837028	11.766857	18.187612
8.1	5.826817	5.940055	11.766872	18.177679
8.11	5.742466	6.024421	11.766887	18.167106
8.12	5.676871	6.090031	11.766901	18.155875
8.13	5.629947	6.136969	11.766916	18.143971
8.14	5.601442	6.165489	11.766931	18.131378
8.15	5.590939	6.176007	11.766945	18.118084
8.16	5.597869	6.169091	11.766960	18.104075
8.17	5.621525	6.145450	11.766975	18.089341
8.18	5.661065	6.105924	11.766989	18.073873
8.19	5.715534	6.051470	11.767004	18.057662
8.2	5.783873	5.983145	11.767018	18.040703
8.21	5.864932	5.902100	11.767033	18.022989
8.22	5.957489	5.809558	11.767048	18.004518
8.23	6.060259	5.706803	11.767062	17.985287
8.24	6.171914	5.595163	11.767077	17.965295
8.25	6.291094	5.475997	11.767091	17.944545
8.26	6.416425	5.350681	11.767106	17.923038
8.27	6.546528	5.220592	11.767120	17.900778
8.28	6.680039	5.087096	11.767135	17.877771
8.29	6.815617	4.951532	11.767150	17.854024
8.3	6.951960	4.815205	11.767164	17.829546
8.31	7.087811	4.679368	11.767179	17.804346
8.32	7.221975	4.545219	11.767193	17.778437
8.33	7.353324	4.413884	11.767208	17.751832
8.34	7.480809	4.286414	11.767223	17.724545
8.35	7.603462	4.163775	11.767237	17.696591
8.36	7.720408	4.046844	11.767252	17.667989
8.37	7.830867	3.936400	11.767266	17.638757
8.38	7.934156	3.833125	11.767281	17.608914
8.39	8.029698	3.737598	11.767296	17.578483
8.4	8.117015	3.650295	11.767310	17.547485
8.41	8.195738	3.571587	11.767325	17.515943
8.42	8.265596	3.501743	11.767339	17.483884
8.43	8.326425	3.440929	11.767354	17.451332
8.44	8.378156	3.389212	11.767368	17.418314
8.45	8.420819	3.346564	11.767383	17.384858
8.46	8.454532	3.312865	11.767398	17.350992
8.47	8.479505	3.287907	11.767412	17.316746
8.48	8.496023	3.271404	11.767427	17.282150
8.49	8.504450	3.262991	11.767441	17.247234
8.5	8.505216	3.262240	11.767455	17.212031
8.51	8.498814	3.268656	11.767470	17.176572
8.52	8.485789	3.281696	11.767484	17.140889
8.53	8.466734	3.300765	11.767499	17.105015
8.54	8.442279	3.325234	11.767513	17.068984
8.55	8.413086	3.354442	11.767528	17.032829
8.56	8.379840	3.387702	11.767542	16.996584
8.57	8.343240	3.424316	11.767556	16.960281
8.58	8.303995	3.463576	11.767571	16.923956
8.59	8.262812	3.504773	11.767585	16.887641
8.6	8.220393	3.547206	11.767599	16.851370
8.61	8.177426	3.590187	11.767613	16.815176
8.62	8.134578	3.633050	11.767628	16.779093
8.63	8.092490	3.675152	11.767642	16.743153
8.64	8.051771	3.715885	11.767656	16.707388
8.65	8.012994	3.754677	11.767670	16.671830
8.66	7.976688	3.790996	11.767685	16.636510
8.67	7.943339	3.824360	11.767699	16.601459
8.68	7.913379	3.854334	11.767713	16.566706
8.69	7.887191	3.880536	11.767727	16.532281
8.7	7.865101	3.902640	11.767741	16.498212
8.71	7.847379	3.920377	11.767756	16.464526
8.72	7.834235	3.933535	11.767770	16.431249
8.73	7.825823	3.941961	11.767784	16.398407
8.74	7.822236	3.945562	11.767798	16.366024
8.75	7.823510	3.944302	11.767812	16.334123
8.76	7.829625	3.938201	11.767826	16.302726
8.77	7.840505	3.927335	11.767840	16.271854
8.78	7.856022	3.911832	11.767855	16.241526
8.79	7.875998	3.891870	11.767869	16.211760
8.8	7.900210	3.867673	11.767883	16.182574
8.81	7.928390	3.839507	11.767897	16.153982
8.82	7.960233	3.807679	11.767911	16.125999
8.83	7.995399	3.772527	11.767926	16.098637
8.84	8.033520	3.734420	11.767940	16.071908
8.85	8.074200	3.693755	11.767954	16.045820
8.86	8.117024	3.650944	11.767969	16.020383
8.87	8.161564	3.606419	11.767983	15.995602
8.88	8.207377	3.560620	11.767997	15.971483
8.89	8.254017	3.513995	11.768012	15.948029
8.9	8.301036	3.466990	11.768026	15.925243
8.91	8.347989	3.420052	11.768041	15.903124
8.92	8.394438	3.373617	11.768055	15.881672
8.93	8.439958	3.328111	11.768070	15.860884
8.94	8.484137	3.283947	11.768084	15.840756
8.95	8.526582	3.241517	11.768099	15.821282
8.96	8.566921	3.201193	11.768113	15.802454
8.97	8.604805	3.163323	11.768128	15.784266
8.98	8.639913	3.128230	11.768143	15.766705
8.99	8.671950	3.096208	11.768157	15.749761
9	8.700650	3.067522	11.768172	15.733421
9.01	8.725779	3.042408	11.768187	15.717671
9.02	8.747132	3.021070	11.768202	15.702495
9.03	8.764537	3.003680	11.768217	15.687877
9.04	8.777850	2.990381	11.768231	15.673797
9.05	8.786963	2.981283	11.768246	15.660238
9.06	8.791793	2.976468	11.768261	15.647179
9.07	8.792291	2.975985	11.768276	15.634598
9.08	8.788431	2.979860	11.768291	15.622473
9.09	8.780220	2.988086	11.768306	15.610781
9.1	8.767685	3.000635	11.768321	15.599497
9.11	8.750882	3.017454	11.768336	15.588597
9.12	8.729884	3.038466	11.768351	15.578055
9.13	8.704790	3.063575	11.768366	15.567844
9.14	8.675714	3.092666	11.768380	15.557936
9.15	8.642790	3.125605	11.768395	15.548306
9.16	8.606166	3.162245	11.768410	15.538923
9.17	8.566004	3.202422	11.768425	15.529760
9.18	8.522480	3.245960	11.768440	15.520788
9.19	8.475782	3.292673	11.768455	15.511978
9.2	8.426107	3.342363	11.768470	15.503301
9.21	8.373662	3.394822	11.768485	15.494726
9.22	8.318665	3.449834	11.768500	15.486226
9.23	8.261340	3.507174	11.768514	15.477770
9.24	8.201921	3.566608	11.768529	15.469329
9.25	8.140649	3.627895	11.768544	15.460874
9.26	8.077775	3.690784	11.768559	15.452378
9.27	8.013556	3.755017	11.768574	15.443810
9.28	7.948261	3.820327	11.768588	15.435144
9.29	7.882167	3.886435	11.768603	15.426351
9.3	7.815562	3.953056	11.768618	15.417406
9.31	7.748743	4.019889	11.768632	15.408282
9.32	7.682021	4.086626	11.768647	15.398953
9.33	7.615715	4.152947	11.768662	15.389394
9.34	7.550159	4.218517	11.768676	15.379583
9.35	7.485698	4.282993	11.768691	15.369494
9.36	7.422687	4.346018	11.768705	15.359108
9.37	7.361494	4.407226	11.768720	15.348402
9.38	7.302495	4.466239	11.768734	15.337356
9.39	7.246075	4.522674	11.768749	15.325951
9.4	7.192625	4.576139	11.768764	15.314170
9.41	7.142539	4.626239	11.768778	15.301996
9.42	7.096211	4.672582	11.768793	15.289414
9.43	7.054033	4.714774	11.768807	15.276408
9.44	7.016389	4.752432	11.768822	15.262967
9.45	6.983650	4.785186	11.768836	15.249078
9.46	6.956171	4.812679	11.768851	15.234732
9.47	6.934284	4.834581	11.768865	15.219918
9.48	6.918293	4.850586	11.768880	15.204631
9.49	6.908468	4.860427	11.768894	15.188863
9.5	6.905038	4.863871	11.768909	15.172609
9.51	6.908188	4.860735	11.768923	15.155867
9.52	6.918052	4.850886	11.768938	15.138633
9.53	6.934706	4.834246	11.768952	15.120907
9.54	6.958165	4.810801	11.768967	15.102691
9.55	6.988380	4.780601	11.768981	15.083985
9.56	7.025231	4.743764	11.768996	15.064793
9.57	7.068527	4.700483	11.769010	15.045120
9.58	7.118003	4.651022	11.769025	15.024971
9.59	7.173318	4.595722	11.769040	15.004355
9.6	7.234059	4.534996	11.769054	14.983279
9.61	7.299738	4.469331	11.769069	14.961753
9.62	7.369797	4.399287	11.769084	14.939788
9.63	7.443611	4.325488	11.769098	14.917395
9.64	7.520493	4.248620	11.769113	14.894589
9.65	7.599699	4.169428	11.769128	14.871383
9.66	7.680439	4.088704	11.769142	14.847793
9.67	7.761879	4.007278	11.769157	14.823833
9.68	7.843156	3.926016	11.769172	14.799523
9.69	7.923385	3.845802	11.769187	14.774878
9.7	8.001672	3.767530	11.769202	14.749919
9.71	8.077124	3.692092	11.769216	14.724664
9.72	8.148864	3.620368	11.769231	14.699134
9.73	8.216038	3.553208	11.769246	14.673349
9.74	8.277835	3.491426	11.769261	14.647330
9.75	8.333496	3.435780	11.769276	14.621100
9.76	8.382325	3.386966	11.769291	14.594680
9.77	8.423705	3.345600	11.769305	14.568093
9.78	8.457109	3.312212	11.769320	14.541361
9.79	8.482106	3.287229	11.769335	14.514509
9.8	8.498380	3.270970	11.769350	14.487558
9.81	8.505728	3.263637	11.769365	14.460533
9.82	8.504075	3.265304	11.769379	14.433457
9.83	8.493477	3.275917	11.769394	14.406352
9.84	8.474125	3.295284	11.769409	14.379243
9.85	8.446345	3.323078	11.769423	14.352152
9.86	8.410601	3.358837	11.769438	14.325102
9.87	8.367491	3.401961	11.769452	14.298116
9.88	8.317743	3.451724	11.769467	14.271216
9.89	8.262207	3.507275	11.769481	14.244423
9.9	8.201849	3.567647	11.769496	14.217759
9.91	8.137739	3.631770	11.769510	14.191244
9.92	8.071038	3.698486	11.769524	14.164899
9.93	8.002981	3.766557	11.769538	14.138744
9.94	7.934864	3.834689	11.769552	14.112797
9.95	7.868023	3.901543	11.769566	14.087075
9.96	7.803819	3.965761	11.769580	14.061598
9.97	7.743611	4.025983	11.769594	14.036380
9.98	7.688740	4.080868	11.769608	14.011438
9.99	7.640506	4.129116	11.769621	13.986787
10	7.600144	4.169491	11.769635	13.962439
