0.00018256 0.00018038 0.00017945 0.00018018
0.00019689 0.00019461 0.00019453 0.00019145
0.00020327 0.00019738 0.00019841 0.00019623
0.00020843 0.00020023 0.00020058 0.00019606
0.00020644 0.00020310 0.00019849 0.00019855
0.00021407 0.00020453 0.00020064 0.00020016
0.00021367 0.00020581 0.00020092 0.00019789
0.00021862 0.00020275 0.00019912 0.00019920
0.00021449 0.00020291 0.00019995 0.00019850
0.00020929 0.00020924 0.00020254 0.00020308
0.00021702 0.00020530 0.00020688 0.00019939
0.00021220 0.00020333 0.00020376 0.00020577
0.00021201 0.00020871 0.00020415 0.00020335
0.00021045 0.00020221 0.00020774 0.00019825
0.00020904 0.00020801 0.00020502 0.00020299
0.00021455 0.00020383 0.00020638 0.00020827
0.00021117 0.00020227 0.00020596 0.00020158
0.00021239 0.00020649 0.00020622 0.00020495
0.00021976 0.00020268 0.00020433 0.00020747
0.00021382 0.00021042 0.00020379 0.00020092
0.00021499 0.00020917 0.00021158 0.00019595
0.00021884 0.00020483 0.00020655 0.00020591
0.00021939 0.00020719 0.00021011 0.00020453
0.00021288 0.00020292 0.00021105 0.00020235
0.00021405 0.00019938 0.00020816 0.00020926
0.00021591 0.00020145 0.00021001 0.00019833
0.00022323 0.00019462 0.00020285 0.00019878
0.00022158 0.00020672 0.00020130 0.00020330
0.00021461 0.00020314 0.00020954 0.00019935
0.00021851 0.00021358 0.00020218 0.00019869
0.00021188 0.00020838 0.00019770 0.00020288
0.00022217 0.00020068 0.00020755 0.00021484
0.00021426 0.00021033 0.00020946 0.00020766
0.00021154 0.00020192 0.00020558 0.00019863
0.00021433 0.00020754 0.00020598 0.00020610
0.00021588 0.00021534 0.00019536 0.00020107
0.00022127 0.00020653 0.00020330 0.00021053
0.00022465 0.00020272 0.00020220 0.00020092
0.00021320 0.00020663 0.00021222 0.00021331
0.00022104 0.00019951 0.00019883 0.00020720
0.00021538 0.00020976 0.00020456 0.00020548
0.00022173 0.00020470 0.00020877 0.00019663
0.00022237 0.00020796 0.00020927 0.00020578
0.00021988 0.00020380 0.00020030 0.00019620
0.00020697 0.00021200 0.00019767 0.00019864
0.00022865 0.00021350 0.00020680 0.00020091
0.00021483 0.00021126 0.00019967 0.00020399
0.00021749 0.00020758 0.00021394 0.00020391
0.00021296 0.00021905 0.00021031 0.00019893
0.00021174 0.00020478 0.00020474 0.00020248
0.00021154 0.00020781 0.00020401 0.00019215
0.00022183 0.00020862 0.00019985 0.00019508
0.00020308 0.00021734 0.00021139 0.00021074
0.00021829 0.00020234 0.00020773 0.00019719
0.00022497 0.00020840 0.00019775 0.00020240
0.00021698 0.00019872 0.00019591 0.00019658
0.00021186 0.00020801 0.00019444 0.00020118
0.00021304 0.00021231 0.00019932 0.00020463
0.00023238 0.00020736 0.00020397 0.00020176
0.00020958 0.00021798 0.00019512 0.00018943
0.00021004 0.00020778 0.00016557 0.00020250
0.00020865 0.00021326 0.00019154 0.00020682
0.00022391 0.00020280 0.00020313 0.00019909
0.00021807 0.00020201 0.00019484 0.00019620
0.00021495 0.00022638 0.00019926 0.00019300
0.00021591 0.00021734 0.00019580 0.00019844
0.00022598 0.00021532 0.00019452 0.00020306
0.00022000 0.00020673 0.00019346 0.00020461
0.00021913 0.00021588 0.00019389 0.00019215
0.00022155 0.00022057 0.00019860 0.00019669
0.00021186 0.00021416 0.00019467 0.00019992
0.00022128 0.00021482 0.00019685 0.00018579
0.00021485 0.00020363 0.00019535 0.00020627
0.00021674 0.00020959 0.00018480 0.00018966
0.00021330 0.00020822 0.00019601 0.00019503
0.00021095 0.00021343 0.00019621 0.00018679
0.00021081 0.00021089 0.00019971 0.00019044
0.00021008 0.00021226 0.00020739 0.00020737
0.00023111 0.00020258 0.00020100 0.00018738
0.00022599 0.00020618 0.00018397 0.00021625
0.00021333 0.00020628 0.00019150 0.00019054
0.00022221 0.00021105 0.00019220 0.00020340
0.00021182 0.00022225 0.00017211 0.00019172
0.00021548 0.00021181 0.00019736 0.00018978
0.00022645 0.00021017 0.00019781 0.00020352
0.00023529 0.00021083 0.00018817 0.00019666
0.00022600 0.00021317 0.00018724 0.00019331
0.00021887 0.00020148 0.00019127 0.00018348
0.00020376 0.00020256 0.00019244 0.00018649
0.00021711 0.00021895 0.00018115 0.00018797
0.00022098 0.00021282 0.00019426 0.00019774
0.00023112 0.00023146 0.00019093 0.00019706
0.00021815 0.00022011 0.00019094 0.00019786
0.00021039 0.00021015 0.00019014 0.00019009
0.00022570 0.00021636 0.00018827 0.00019856
0.00020069 0.00020398 0.00019348 0.00019220
0.00022333 0.00020371 0.00019075 0.00017916
0.00021510 0.00021684 0.00019603 0.00019453
0.00022988 0.00021301 0.00017465 0.00020750
0.00021170 0.00020271 0.00018465 0.00018062
0.00021246 0.00021532 0.00019768 0.00019552
0.00020912 0.00020264 0.00019501 0.00017972
0.00021778 0.00023790 0.00018701 0.00019265
0.00020936 0.00020144 0.00018389 0.00019979
0.00021280 0.00020557 0.00018375 0.00018011
0.00022284 0.00024356 0.00020137 0.00019879
0.00022169 0.00021496 0.00018451 0.00019506
0.00023430 0.00020897 0.00018631 0.00018618
0.00021092 0.00020746 0.00018100 0.00018454
0.00021462 0.00022135 0.00019286 0.00019985
0.00021149 0.00019970 0.00019040 0.00021360
0.00020644 0.00020560 0.00017683 0.00016899
0.00020535 0.00022093 0.00019641 0.00018950
0.00021780 0.00021783 0.00018621 0.00017377
0.00020797 0.00021917 0.00019730 0.00019263
0.00021997 0.00022249 0.00018593 0.00020796
0.00021823 0.00020809 0.00018904 0.00019324
0.00023171 0.00022353 0.00017620 0.00018579
0.00022063 0.00021034 0.00019565 0.00019073
0.00020486 0.00021276 0.00018407 0.00018881
0.00021440 0.00020946 0.00018192 0.00020418
0.00019566 0.00022337 0.00018564 0.00017962
0.00022511 0.00022286 0.00018810 0.00019007
0.00019816 0.00021035 0.00018554 0.00017976
0.00021634 0.00022608 0.00017461 0.00018889
0.00020368 0.00020957 0.00019700 0.00018208
0.00020041 0.00022193 0.00018767 0.00020019
0.00022909 0.00020652 0.00019392 0.00018618
0.00022246 0.00021044 0.00019346 0.00019345
0.00022386 0.00022092 0.00018327 0.00017353
0.00022224 0.00020849 0.00018450 0.00017609
0.00021994 0.00021537 0.00019426 0.00019603
0.00020938 0.00021739 0.00020302 0.00019913
0.00021225 0.00021279 0.00017710 0.00019065
0.00021418 0.00022493 0.00019556 0.00018155
0.00021358 0.00022099 0.00020066 0.00018940
0.00021593 0.00021699 0.00018997 0.00017323
0.00022181 0.00021371 0.00017959 0.00016980
0.00022226 0.00023766 0.00019250 0.00020139
0.00022626 0.00021011 0.00018418 0.00019177
0.00020115 0.00022349 0.00018247 0.00017400
0.00020631 0.00020890 0.00018396 0.00019898
0.00022473 0.00021171 0.00019456 0.00018803
0.00022764 0.00021081 0.00019204 0.00017845
0.00021675 0.00023130 0.00018205 0.00018194
0.00021324 0.00021469 0.00018682 0.00020201
0.00020033 0.00020682 0.00018993 0.00019347
0.00021022 0.00022515 0.00018210 0.00018585
0.00021774 0.00022747 0.00019232 0.00018661
0.00020527 0.00021615 0.00018262 0.00018553
0.00021235 0.00022971 0.00019510 0.00018168
0.00018856 0.00022697 0.00018978 0.00016812
0.00019746 0.00020391 0.00017956 0.00016643
0.00020631 0.00020036 0.00019481 0.00018567
0.00020235 0.00022240 0.00019535 0.00018528
0.00021352 0.00022724 0.00019208 0.00019750
0.00022764 0.00021834 0.00017033 0.00019393
0.00022661 0.00019903 0.00019377 0.00016785
0.00020331 0.00024034 0.00019832 0.00018007
0.00023467 0.00022839 0.00017107 0.00019534
0.00022822 0.00019775 0.00017757 0.00018011
0.00021916 0.00021441 0.00018694 0.00019963
0.00021246 0.00023069 0.00018884 0.00018916
0.00022135 0.00020817 0.00017819 0.00020394
0.00022211 0.00019064 0.00017754 0.00020862
0.00021966 0.00022788 0.00015805 0.00019991
0.00019191 0.00022408 0.00017862 0.00017362
0.00019089 0.00020389 0.00017462 0.00017318
0.00020797 0.00021187 0.00018007 0.00018606
0.00021160 0.00021590 0.00016768 0.00018954
0.00019475 0.00020695 0.00018111 0.00018423
0.00020448 0.00021513 0.00018701 0.00019298
0.00021654 0.00020545 0.00016869 0.00016445
0.00021846 0.00021203 0.00018048 0.00019125
0.00020624 0.00022220 0.00017366 0.00020200
0.00021071 0.00021093 0.00019007 0.00018341
0.00020831 0.00022777 0.00019438 0.00018344
0.00019813 0.00021450 0.00017340 0.00016873
0.00021843 0.00020186 0.00017830 0.00016564
0.00021278 0.00021263 0.00016272 0.00018680
0.00020656 0.00022286 0.00018228 0.00017965
0.00021548 0.00022421 0.00018467 0.00018222
0.00022417 0.00020737 0.00017546 0.00016990
0.00023508 0.00021559 0.00019244 0.00017315
0.00022203 0.00022920 0.00019604 0.00018271
0.00020020 0.00022748 0.00019720 0.00017538
0.00021849 0.00021263 0.00018046 0.00019036
0.00020994 0.00020030 0.00018401 0.00017648
0.00022470 0.00022280 0.00019486 0.00018051
0.00023383 0.00022008 0.00019083 0.00017914
0.00022156 0.00019643 0.00016900 0.00017313
0.00021685 0.00021067 0.00018270 0.00018267
0.00021709 0.00022680 0.00019293 0.00018999
0.00021152 0.00023395 0.00020084 0.00018832
0.00020893 0.00023351 0.00018419 0.00017250
0.00019829 0.00020916 0.00017391 0.00017366
0.00020073 0.00022332 0.00015391 0.00016342
0.00020519 0.00022749 0.00016955 0.00018763
0.00019731 0.00023842 0.00019159 0.00017463
0.00020061 0.00023313 0.00019404 0.00017762
